39026
35758
32858
40554
46372
52954
58506
41750
31754
33748
32144
32972
33848
32852
32186
34804
32956
184356
30454
37472
32440
96486
31898
46282
32158
33426
33796
123578
31854
47686
32036
70776
31230
37432
31674
37354
31548
185594
32218
92364
34164
32640
31742
42480
33150
34614
33832
57474
31902
35722
33180
93756
32748
40200
31514
32904
32952
90836
32026
84280
32438
32054
33778
42508
34512
36420
33264
31558
31798
37760
31686
37794
31954
93382
31238
70520
33118
33754
31852
44958
32298
33586
32374
84224
32980
64950
35128
33846
37216
100700
80830
33876
31986
53458
32606
38506
31136
33034
33160
34766
