-4, 9
4, 17
1, 57
6, 20
-3, 18
1, 54
5, 18
5, 17
3, 35
3, 18

4, -3
1, 5
1, 13
9, 12
2, 1
4, 17
5, 24
7, 18
-2, 9
4, 14

4, 14
0, 10
2, 14
4, 9
-54, 16
3, 4
6, 11
1, 4
2, 9
4, 15

3, 13
3, 12
7, 8
2, 13
2, 11
-6, 8
5, 17
3, 2
3, 7
2, 21

0, 13
-1, 12
1, 15
8, 20
0, 12
-7, 7
-91, -82
-11, -6
4, -48
3, 14

9, 10
6, 16
16, 25
0, 9
6, 12
7, 7
5, -16
2, 11
-3, 10
6, 1

4, 12
15, 6
5, 10
3, 9
-9, 14
1, 28
3, 7
2, 9
-3, 10
0, 50

11, 20
-1482, -1466
4, 9
14, 13
-3, 2
8, 17
-6, 7
3, 13
-3, 3
10, 17

10, 22
10, 21
-93, -90
-30, -84
-1, 67
63, 103
37, -85
-10, 88
5, 18
-30, 66

4, 10
3, -92
6, 16
12, 22
3, 17
3, 25
2, 18
7, -20
7, 22
6, 17

-7, 8
7, 11
5, 4
22, 12
4, 22
4, 443
1, 18
6, 15
2, 2
1, 14

9, 24
17, 17
10, 28
6, 16
9, 25
6, 22
4, 24
7, -82
4, 21
1, 12

9, 292
33, 11
-1, 6
6, 7
4, 12
0, 10
2, 9
3, 10
-4, 8
3, 12

7, 23
3, 11
5, 12
1, -3
13, 17
11, 17
5, 18
6, 19
3, 17
5, 18

8, 17
2, 15
-1, 5
6, 58
0, 18
15, 17
-9, 172
9, -30
12, 8
10, 14

-500, -489
6, 26
6, 29
8, 19
11, 25
-4, 22
2, -44
3, 370
-10, 253
11, 14

0, 95
4, 16
6, 21
5, 22
5, 24
3, 19
6, 23
3, 3
3, 14
6, 19

6, 18
7, 21
-1, 9
2, 5
4, 15
5, 9
6, 18
5, -24
8, 20
4, 11

7, 20
-17, -12
7, 6
-217, -160
-1, 10
-19, -11
-3, 4
2, -47
0, 12
7, 16

7, 20
5, 9
-3, 14
-97, -93
6, -3
5, 20
1, 4
4, 26
45, 58
3, 13

84, 95
4, 10
3, 10
4, 6
5, 13
0, 3
1, 8
4, 11
5, 12
4, 16

9, 21
7, 13
-2, 6
2, 13
2, 9
3, 8
-2, 8
5, 17
4, 10
0, 54

12, 22
4, 13
6, 18
3, 8
2, 6
0, 12
0, 12
-3, 8
2, 10
1, 13

15, 17
1, 9
5, 12
4, 42
4, 87
0, 8
-2, -50
12, 21
0, 16
11, 5

6, 16
1, 7
-10, -1
4, 10
4, 7
4, 19
2, 17
-1, 60
-2, -37
0, 12

-26, -8
5, 21
-1, 12
2, 12
-1, 15
2, 11
-3, 6
6, 20
3, -84
5, 17

9, 18
-57, -59
7, 26
6, 17
8, 21
7, 17
4, 54
5, 19
12, 13
7, -24

7, 15
1, -21
19, 9
11, -22
2, 18
6, 11
19, 155
4, 17
0, 65
44, 51

-138, -121
19, 27
12, 18
2, 21
18, 61
8, 4
0, 6
-1, 15
-5, 6
11, 6

5, 14
-14, 49
-60, -19
1, -21
1, 55
0, 131
5, 27
2, -49
10, 29
5, 28

2, -46
4, 23
-25, 35
-44, 25
-14, -67
-2, 5
6, 10
29, 40
1, 17
-1, 22

7, 29
-3, 8
2, 20
7, 22
-1, 9
3, 13
4, 8
4, 11
5, 12
3, 14

1, 15
2, 7
-113, -110
-5, 8
7, 12
2, 22
10, 20
4, 12
6, -44
1, 12

7, 15
7, 20
7, -21
11, 90
2, 14
-1, -6
6, 14
13, 43
7, -10
7, 27

0, 99
5, 19
4, 19
4, 27
5, 16
15, 14
4, 47
2, 17
6, 18
5, -22

-3, 4
2, 8
7, 14
2, 12
4, 17
8, 7
1, 11
3, 8
0, 13
0, -2

7, 19
8, 24
0, 11
3, 17
338, 16
7, 16
4, 16
7, 17
4, 16
14, 34

7, 23
4, 23
-16, -1
7, 19
2, 12
8, 21
6, 12
4, 20
9, -18
-4, 14

14, 24
6, -13
8, 57
7, 17
7, 17
5, 45
5, 22
1, 15
8, -21
8, -18

0, 98
4, 16
4, 19
-49, 65
20, 24
5, 19
10, 70
4, 41
10, 66
0, -5

11, 19
3, 16
22, 193
1, 14
3, 16
9, 15
4, 34
7, 11
-2, 18
3, 11

0, 98
1, 17
6, 19
7, 19
8, 17
1, 48
1, 15
3, 13
-1, 43
2, 22

7, 18
10, 16
3, 11
3, 18
5, 17
1, 27
10, 22
3, 18
-1, 11
7, 18

8, 18
12, -18
2, 18
6, 47
3, -10
4, -86
4, 59
8, 17
8, 26
5, 16

0, 97
4, 19
7, 20
0, 17
-2, 8
5, 13
3, 7
2, 11
7, 11
4, 11

8, 21
2, 13
7, 20
-2, 10
4, 13
0, 21
5, 8
6, 7
3, 13
5, 11

11, 23
-8, 5
0, 19
5, 17
-3, 14
0, 11
3, 13
6, 16
6, 9
-1, 40

-32, -21
7, 18
0, 10
0, 22
0, 10
10, 21
-4, 9
3, 28
-5, 4
12, 17

7, 20
1, 12
10, 11
11, 11
2, 14
11, 16
3, 9
4, 9
6, 14
1, 12

-2, 15
2, 9
1, 13
-1, 10
7, 9
-2, 10
0, 10
13, 14
1, 11
7, 13

0, 11
-1, 8
2, 6
5, 9
3, 11
-3, 8
6, 7
54, 60
3, 7
2, 13

6, 15
-20, -10
-1, 3
5, 14
-50, -46
2, 4
-53, 2
1, 15
2, 8
-58, -44

8, 16
-583, -565
6, 8
14, 26
8, 22
2, 21
-5, 4
0, 12
9, 16
1, 10

0, 96
1, 30
-594, -576
10, 13
-10, 5
3, -31
-2, 49
0, 2
3, -79
3, 21

4, 20
9, 21
4, 16
7, 13
12, 2
8, 9
-1, 8
-2, 7
-1, 13
3, 52

8, 20
10, 19
4, 14
-40, -54
-10, 3
-2, 8
0, 24
3, -14
7, 18
3, -20

-8, 0
7, 17
119, 68
4, 15
-659, -646
6, 11
12, -9
3, -25
3, -11
8, -25

8, 18
8, 21
6, 18
4, -21
-11, 9
-3, 81
-4, 43
3, 11
4, 16
8, 17

-3, 7
4, -56
7, 5
3, 10
-15, 1
10, 43
1, 11
1, 58
-4, 51
5, 13

6, 18
15, 21
8, 15
8, 17
2, 14
12, 54
6, 16
6, 18
2, 16
2, 8

2, 13
9, 15
6, 16
6, 16
-1, 10
1, 65
0, 26
5, 17
9, 17
5, 24

12, 33
3, 16
88, 100
7, 15
7, 18
1, 7
6, 14
2, 21
2, 13
0, 11

11, 22
6, 16
10, 6
6, -16
-2, 5
5, 5
8, 12
2, 2
7, 12
5, 2

0, 97
5, 20
-3, 14
5, -54
9, 22
5, 20
4, 12
6, -14
8, -28
6, 17

1, 19
-7, 28
-8, 7
5, 15
-2, 14
4, -19
4, 4
4, 11
6, 58
-2, 1

6, 17
5, -28
10, 18
14, 61
-2, 42
-31, 47
3, -17
8, 17
3, -33
-3, 29

-2, 5
19, 2
616, 27
1, 18
-11, -100
4, 17
9, 21
1, 21
3, 16
2, 22

10, 25
-1, 15
10, 22
15, 15
-3, 12
-17, 61
6, 177
1, 12
8, 60
14, 20

0, 93
8, 16
7, -23
-6, 17
3, 22
-1, -3
7, 16
-1, 8
-8, 4
4, 16

4, 13
7, 21
3, 21
4, -14
14, 89
5, 67
19, -14
-50, -38
5, 46
-3, 11

0, 95
6, 16
2, 3
7, 15
2, 9
10, 14
-2, 8
7, 12
-1, 14
0, 10

15, 23
-8, 30
5, 18
8, 16
-4, -17
55, 71
8, 13
4, 9
-3, 0
20, 26

1, 14
7, -23
7, 17
7, 10
-3, -5
6, 16
4, 12
8, 15
3, 15
-7, 3

0, 95
1, 12
5, 17
-2, 15
1, 51
8, 55
3, 18
11, 19
1, 11
3, -32

0, 99
3, -24
6, 18
3, 12
7, -11
4, 13
7, 21
7, 20
5, 16
14, 13

6, 17
117, 16
6, 16
4, 59
8, 21
8, 19
4, 11
9, 20
-2, 11
1, 30

10, 19
1, 17
3, 26
-19, 86
1, 53
10, 17
-9, 2
25, -2
-10, 218
13, 17

7, 19
-30, -15
10, 24
7, 10
-1, 13
3, 96
-1, -22
4, 24
8, 26
4, 5

6, 16
-4, 13
17, 21
3, 14
4, -6
3, 8
-8, 12
12, -81
-10, 6
-6, 18

6, 17
4, 18
4, 16
-4, 3
5, 16
5, -16
8, 19
5, 17
13, 15
7, 18

89, 99
17, 14
7, 20
1, 24
1, 9
0, 13
0, 17
6, 15
4, 4
9, 24

6, 13
7, 21
4, 19
-2, 10
3, 7
-6, 3
-3, -3
5, 21
-4, 6
4, 8

16, 24
4, 11
2, 17
-4, 2
-97, -94
23, 22
4, 17
3, 8
2, 18
46, 0

8, 3
1, 17
1, 9
0, 8
0, 10
0, 18
1, 14
0, 17
8, 11
6, 19

11, 16
7, 18
5, 4
9, 29
8, 31
19, 22
13, 23
9, 4
-4, 15
8, 23

0, 94
8, 16
3, 9
-1, 13
2, -52
4, 2
2, 4
1, 9
7, 26
-2, 12

3, 15
10, 26
244, 14
3, 16
-6, 3
2, 12
0, 11
0, 13
1, 10
2, 16

2, 13
-270, -263
-1, 9
0, 25
14, 25
14, 59
6, 11
4, 20
1, 16
5, 17

8, 21
1, 10
0, 12
5, 10
7, 46
5, -17
2, -27
13, 23
9, 24
11, -15

-1, 14
9, 45
1, -55
-6, 22
1, 13
5, 25
-6, 15
6, -27
4, 22
4, -29

1, 16
12, 12
10, 27
-276, -212
12, 31
-1, 36
-2, 17
2, -11
0, -24
4, -30

10, 15
1, 9
9, 35
7, -30
-2, 16
1, 14
25, 51
0, 12
4, 15
8, 27

6, 13
15, 51
1, -3
10, 17
0, 0
-7, 7
1, 25
14, 16
6, 4
16, 22

17, 20
6, 18
2, -18
3, 23
-6, 24
2, 15
11, 8
1, 8
9, 4
5, 54

8, 22
-345, -332
5, 26
9, 21
4, 29
8, 35
3, 41
-3, -21
1, -26
-1, 11

0, 97
5, -12
1, 54
8, 18
3, 16
3, -52
8, 59
4, 21
7, 19
6, 22

-289, -284
-375, -389
9, 45
12, 22
0, 48
7, 21
6, 27
8, 17
6, 18
2, 20

5, 16
-66, -56
7, 192
2, -51
1, 12
2, 9
-2, -28
1, 23
3, 18
-4, 10

13, 21
-3, -65
7, 21
-4, 10
1, -30
0, 56
-5, 10
-6, -16
19, -13
2, 1

8, 21
-1, 56
9, 14
-5, 12
0, 9
2, 11
2, 11
2, 42
-3, 16
4, 55

0, 95
9, 24
-36, -32
5, 13
2, 7
5, 17
0, 11
6, 23
-1, 11
-1, 6

0, 99
0, 5
4, 6
7, 17
9, 9
-3, 43
4, 6
-1, 2
8, 25
2, 15

0, 11
3, 13
11, 14
-42, 12
2, 10
1, 12
1, 13
3, 6
4, 11
-3, 6

0, 0
10, 23
6, 23
11, 16
8, 23
3, 20
9, 24
5, 23
23, 19
-5, 46

9, 20
4, 16
15, 54
6, -78
6, -77
4, 28
5, 21
5, -78
-9, 7
6, 18

10, 20
2, 16
8, 60
10, 23
22, 7
-1, 5
6, 19
8, 19
7, -14
3, -24

9, 19
4, 19
3, 21
3, 13
3, 11
1, -28
9, -17
13, 19
3, 16
1, 93

8, 21
-50, -45
3, 11
3, -1
-4, 13
20, 63
5, -13
10, 21
-4, 7
-2, 6

10, 18
17, 17
4, 13
7, 28
5, 23
1, 15
7, 24
16, -21
2, 18
8, 18

-82, 15
3, -82
89, 16
10, -80
-27, -11
7, -40
98, 107
-114, -107
85, 100
39, 15

10, 19
6, 28
4, 22
2, 14
6, 32
6, 20
2, 37
2, 14
2, 19
9, 22

85, 97
7, 16
4, 17
8, 12
10, 24
9, 15
7, 28
7, 24
2, 22
2, 22

4, 16
-236, -216
1, 20
5, 13
-2, 22
-3, 1
14, 19
2, 64
4, 14
5, 20

8, 18
3, 14
3, 18
3, 64
8, 23
9, 22
6, 17
5, 19
5, 18
3, 93

7, 19
8, 19
8, 18
7, 45
4, 17
-9, 14
-1, 44
1, 52
7, 16
7, -23

0, 96
4, -16
3, 43
-1, -20
3, 17
11, 28
-3, 52
8, 19
6, -25
5, 21

8, 18
3, 13
6, 19
2, 23
9, -21
7, 35
7, 18
6, 18
3, -17
6, 21

4, 14
272, 5
3, -1
27, 21
13, 55
5, 28
2, 57
6, -17
4, 24
7, 20

10, 19
5, -26
-1, 47
-2, 53
6, 24
11, -19
-2, 59
8, 44
3, 26
3, -28

7, 20
4, 17
-1, 14
6, 18
9, -2
4, 6
13, 12
6, 18
8, 18
8, 20

4, 16
14, 20
8, 26
0, 15
5, 21
3, 15
9, 13
6, 26
11, 25
16, 26

5, 16
3, 33
12, 63
11, -20
-1, 11
-2, 5
6, 14
2, 12
2, 9
8, -7

7, 20
0, 12
4, 8
7, 15
2, 11
3, 7
7, 29
-6, -2
5, 13
10, 14

4, 16
5, 12
4, 15
8, 17
-6, 11
1, 9
-11, -2
3, 16
2, 8
-1, 10

8, 21
2, 12
-3, 1
4, 12
5, 10
-1, 9
5, 12
-45, 11
7, 12
3, -44

10, 16
1, 11
3, 11
-1, 107
-2, 16
9, 10
-3, 20
1, 8
3, 12
0, 6

4, 18
-8, 11
2, 16
1, 50
1, 14
2, 25
2, 12
-2, 7
4, 14
-4, 7

11, 22
8, 11
-137, -133
-3, 4
4, 8
2, 9
4, 10
-15, -4
1, 11
3, 9

10, 21
6, 14
4, -3
3, 10
4, 12
-69, -64
1, 5
4, 15
5, 19
0, 8

10, 15
3, 8
-2, 8
-7, 8
-2, 12
2, 19
1, 7
5, 11
-2, 12
3, 13

4, 4
8, 22
11, 33
12, 12
0, 15
1, 8
8, 18
8, 17
51, 54
6, 16

6, 17
0, 11
-5, 5
4, 10
2, 17
2, 16
3, 22
-6, 52
4, 18
6, 17

5, 18
6, 19
2, 130
4, 16
4, 12
1, 9
5, -22
-1, 60
0, -6
-2, 5

10, 23
1, 22
-4, 7
6, -21
-2, 16
0, 25
-9, 15
2, 15
4, 17
6, 19

7, 16
19, 15
23, 33
10, 41
2, 18
-6, 8
6, 18
7, 16
6, 14
2, 14

8, 15
4, 15
2, 14
7, 16
7, 13
12, -20
5, 16
1, 14
3, 15
1, 18

2, 17
4, 20
26, 15
7, 16
7, -13
8, 14
0, 12
146, -24
6, 56
3, -10

85, 94
6, 55
-2, 10
6, -25
5, 22
1, 9
5, 15
1, -29
2, 11
2, 13

13, 25
4, 11
-2, 19
8, 20
-2, 9
-2, 13
4, 23
7, 15
3, 24
5, 15

5, 18
7, 20
3, 15
7, 21
-8, 3
2, 4
0, 14
2, 14
5, 17
5, 20

5, 19
6, 21
7, 16
0, 7
5, 4
1, 15
1, 18
1, -1
-6, 14
5, -2

11, -45
-2, 0
3, 6
-3, -3
-2, 7
45, 47
11, 10
2, 13
1, 26
13, 22

22, 20
-213, -192
3, -49
6, 7
-2, 283
-5, 25
-55, 2
-18, -18
5, -41
-5, 9

7, 16
5, 29
-36, -33
5, 24
10, 21
-53, 10
5, 16
4, 59
5, 98
3, -25

6, 17
4, -32
5, -35
4, 18
1, -24
3, 30
3, 50
8, 21
7, -15
3, 28

10, 18
2, 22
1, 19
5, 25
8, 6
-134, -99
8, 25
5, 16
4, -72
2, 13

8, 215
6, -30
3, 11
3, -23
4, 7
-58, 61
6, 65
-1, 9
-17, -26
19, -22

5, 14
8, 23
-1, 51
4, 19
6, -79
10, 28
0, 24
6, 29
-49, 50
8, 33

1, 8
5, 16
-6, 32
3, 18
9, 11
3, 10
4, 12
-2, 4
-26, -20
3, 11

9, 23
4, 15
7, 165
1, 14
3, 20
8, 26
-4, 12
6, 18
2, 21
-2, 9

15, 19
-404, -386
5, 16
2, 3
4, 55
1, 18
38, 57
4, 17
3, 20
3, -25

6, 17
7, 26
-69, -29
3, 18
1, 56
-3, 76
4, 19
11, 29
-2, 22
-10, -28

-2, 7
10, 12
0, 19
2, 20
2, 12
3, 41
6, 13
1, 12
3, 14
1, 10

0, 101
-1, 14
5, 23
-1, 15
5, 16
5, 46
1, 16
5, 21
-4, 9
3, 12

-55, -43
0, 22
4, 11
1, 14
3, 10
-3, 6
-53, 6
1, 12
6, 20
-1, 8

10, 22
5, 8
-3, 15
-3, 11
5, 17
0, 12
1, 16
9, 37
-4, 12
-6, -14

13, 34
5, 12
0, 8
4, 11
-1, 7
0, 12
0, 0
8, 11
3, 7
2, 9

5, 22
2, 12
3, 8
4, 24
6, 10
2, 14
-9, 10
8, 20
-5, 36
7, 17

14, 19
0, 10
0, 4
4, 16
7, 7
6, 14
1, 83
6, 29
5, 19
4, 19

2, 13
-975, -956
289, 35
8, 25
4, 21
6, -8
-7, -31
7, 31
0, 27
4, 23

2, 15
6, 36
4, 16
-2, 44
4, 17
5, 17
5, 49
4, 15
4, 29
1, 19

8, 19
4, 18
10, 21
7, 89
4, 43
-9, 45
4, 113
4, 35
12, 36
15, -36

14, 24
4, 20
-6, 35
9, 20
1, 12
-10, 33
1, 51
10, 18
7, 20
0, 10

4, 14
1, 15
2, 16
3, 27
3, 1
3, -23
0, -9
0, 18
6, 18
-3, 6

0, 98
2, 15
7, 13
4, 32
6, 15
4, 13
9, 14
0, 3
30, 41
17, 28

4, 20
4, 15
4, 15
0, 51
0, -2
9, 11
0, -30
3, -22
4, 13
0, 20

5, 15
5, 63
-1, 13
7, 20
-1, -23
4, 14
8, 14
6, 20
7, 22
6, 17

5, 16
16, 24
11, 16
8, 15
8, 14
6, 8
12, 12
6, 10
-3, 15
2, 13

4, 18
-148, -124
7, 16
-1, 58
10, 25
15, 71
7, 20
1, 33
6, 46
4, 18

6, 20
107, 13
-9, -9
9, 36
-10, -1
3, 19
6, 34
-4, 12
4, 10
11, 12

0, 40
3, 28
4, 14
2, 15
-11, 13
16, 13
0, 23
0, 12
-4, 15
1, 17

7, 18
-15, -21
8, 25
6, 24
11, -11
6, 6
2, 308
2, 58
14, 20
0, 20

9, 21
1, 48
11, 21
5, 7
4, 16
4, 10
4, 315
2, 17
8, 25
9, 25

85, 96
4, 18
-1, 19
5, -3
5, -14
20, -19
-7, 67
5, 40
7, 20
10, 23

5, 13
3, 19
-44, 15
8, -25
11, 14
12, 1
4, -20
3, 18
5, 17
9, -25

9, 25
3, 58
5, 24
4, -5
13, 19
9, 58
10, 18
1, 30
15, 14
0, -5

-7, 1
-3, 9
-2, 7
2, 10
3, 17
-1, 1
1, 21
-2, 5
2, 3
9, 17

6, 20
7, 23
10, -27
2, 12
4, 11
1, 14
3, 13
18, -8
1, 13
0, 56

20, 17
5, 24
-3, 76
-15, 23
-77, 26
0, 101
-4, 17
4, 49
3, 27
5, 29

8, 16
5, 17
5, 19
3, 15
6, 19
5, -78
4, 16
6, 59
-3, 10
4, 19

-9, 13
2, 9
1, 13
-3, -24
18, 24
-3, 59
5, 9
23, -1
1, 18
16, 20

13, 22
1, 8
0, 12
2, 11
6, 12
4, 14
-1, 11
4, 40
0, 79
1, 28

10, 22
1, 17
-10, 3
13, 2
59, 66
-2, 12
9, 26
10, 10
7, 19
2, 15

16, 97
7, 206
7, 63
9, 120
11, 53
9, 127
-32, 184
-1, 17
6, -10
16, 51

8, 11
1, 37
3, 71
2, 26
12, 80
-3, 9
7, 53
7, 34
-10, 48
0, 47

9, 21
7, 16
5, -16
5, 14
12, 11
7, -48
8, 37
7, 15
3, 17
2, 15

4, 17
-3, 45
15, 17
-2, 17
3, -42
-12, 1
3, 45
-1, -32
-89, -31
2, -18

11, 30
-632, -632
-176, -138
3, 26
5, 63
18, 30
-368, -337
3, 19
0, 50
61, 133

14, 24
-75, 25
-350, -298
1, 15
2, 17
-8, -50
-21, -5
5, 253
-6, 165
97, 98

3, 14
1, 12
-5, 2
2, 4
-4, 49
1, 13
6, -14
2, 53
6, -20
5, 21

-63, -57
10, 26
2, 16
4, 3
13, 22
6, 11
-3, 17
0, 94
6, 15
1, 9

11, 21
11, 15
7, 20
-3, 14
6, 15
6, 31
6, 7
4, 15
11, 24
9, 21

7, 2
15, 1
2, 15
5, 15
-6, 11
0, 66
1, 17
3, 25
13, 1
4, 22

6, 15
-1, 10
-264, -260
5, 17
-4, 6
2, 16
6, 15
1, 15
0, 11
-3, 3

3, 15
0, 43
34, 9
-248, -239
-2, 47
0, 25
-1, 5
-3, 1
5, 30
7, 27

7, 17
3, 15
7, 16
7, 17
9, 12
13, 21
10, 35
-5, 5
6, 20
-34, 15

10, 17
6, 21
52, 69
4, 18
-1, 10
-9, 2
-3, 3
7, 12
3, 8
2, 4

6, 18
2, 16
5, 17
6, 17
14, -31
7, 17
5, 19
8, 18
5, 17
-5, 17

6, 28
-161, -148
-1, 2
3, 5
7, 5
0, 76
-15, 6
8, 18
-11, 5
4, 12

12, 20
5, -17
9, 2
5, 21
1, -27
6, -14
5, 14
5, 15
1, 16
7, 25

8, 16
9, 14
8, -10
4, 28
9, 29
5, -16
8, 27
0, 26
-3, -19
9, 20

3, 19
6, 98
-2, 114
9, 15
1, -1
-9, 6
6, -50
6, -10
14, -13
8, 25

7, 20
5, 19
4, 22
6, 42
2, 50
18, 2
7, -16
5, -22
4, -21
6, -13

8, 19
5, 18
14, -29
2, 29
5, 15
2, -1
6, -1
9, 14
-1, 0
4, -18

5, 13
18, 23
8, 18
9, 16
4, 58
2, 31
-2, -29
5, 20
1, 19
7, 17

8, 17
222, 41
5, 21
8, -13
4, 18
3, 12
-19, -4
3, 32
-3, 13
0, -4

6, 20
0, 6
-13, 7
4, 20
2, 20
-1, 9
-5, 8
7, -21
7, 17
2, 21

0, 95
4, 17
6, 15
6, 20
1, 23
5, 27
12, 24
4, 18
5, 40
6, 18

0, 94
4, 24
6, 16
-2, 18
5, 11
9, 17
2, -27
6, 54
1, 50
2, 16

0, 110
3, 10
8, 39
4, 13
13, 20
7, 20
1, 15
8, 19
6, 16
3, 15

3, 13
5, -14
3, 9
3, 3
5, 66
2, 17
9, 16
5, 13
3, 8
14, 16

7, 21
-36, -23
-67, 23
7, 23
5, 23
7, 1
3, 10
3, 7
8, 14
5, 5

-2, 8
5, 19
1, -1
-5, 15
-1, 7
-4, 16
9, 11
8, 8
3, 17
-3, 15

4, 18
7, 16
-4, 14
-3, 17
-2, 11
6, 7
4, 8
5, 10
7, 9
0, 11

-137, -127
5, 14
-4, 9
0, 10
1, 11
6, 15
6, 12
2, 12
6, 14
62, 13

0, 97
7, 19
2, 9
4, 16
5, 17
4, 16
4, 17
4, 16
6, 17
1, -16

10, 16
5, 21
-2, 11
-6, 4
-5, 14
4, 10
4, 17
3, 14
3, 17
5, 20

9, 21
1, 15
-2, -16
4, 51
6, 29
-1, 58
5, 55
3, 52
2, -28
8, 19

-19, -10
2, 11
-5, 1
-8, 12
4, 17
6, 57
1, -25
12, -5
34, 12
-1, -2

8, 22
4, -36
-11, -20
3, 15
1, 13
-3, 6
-1, 12
8, 29
7, 22
3, 33

12, 20
-535, -528
2, 45
11, 18
-5, 55
-2, 12
0, 25
9, 103
2, 12
-1, -5

8, 21
6, 15
7, 15
7, 11
-11, 38
12, -7
6, -5
15, 25
0, 11
48, 52

13, 4
8, 4
-1, 10
-5, 2
3, 15
-8, 8
-44, 14
58, 64
0, 4
10, 21

7, 20
6, 20
2, 13
6, 19
2, 19
4, 54
5, 25
7, 17
8, 18
4, 15

0, 96
-6, 0
8, 24
7, 25
2, 23
-1, 48
5, 17
6, 20
5, -17
4, 17

2, 15
4, 18
7, 19
6, 16
3, 99
9, 56
6, -22
5, -21
5, 20
10, 38

-1, 12
7, 32
7, 39
6, 20
7, -12
5, 12
-3, 17
2, -28
8, 23
3, 2

85, 96
10, -22
7, 21
-10, 14
5, -19
-8, -4
4, 19
1, 15
6, 20
2, 3

10, 21
4, -17
18, 27
-7, 9
-2, 10
3, 17
15, 23
2, 29
-6, 2
2, -9

-1, 4
2, 22
-3, -2
-1, -24
34, 30
5, 15
-4, -3
10, 13
9, 13
15, 4

-2, 14
-4, 13
20, 38
-8, 9
0, -4
4, 5
3, 33
0, 91
14, 11
18, 7

0, 99
0, 17
18, 11
4, 12
0, 8
3, 17
7, 17
5, 13
4, -15
-5, 14

0, 17
-50, -39
-22, 7
17, 22
-2, 16
3, -13
-1, 4
-6, -9
-3, 11
9, 9

6, 14
3, 18
12, 18
3, 15
2, 22
2, 20
1, 40
6, 29
5, 61
10, 12

0, 0
0, 0
0, 1
0, 0
0, 1
0, 1
0, 1
0, 0
0, 1
0, 1

0, 0
0, 1
0, 0
0, 0
0, 0
0, 0
0, 0
0, 0
0, 1
0, 0

-3, -3
0, 0
0, 1
0, 0
0, 1
0, 1
-1, 0
0, 1
0, 0
0, 1

0, 1
0, 0
0, 0
0, 0
0, 1
0, 0
0, 0
0, 1
0, 0
0, 0

0, 0
0, 1
0, 0
0, 1
1, 1
0, 1
0, 1
0, 0
0, 1
0, 0

0, 0
0, 0
0, 0
0, 0
0, 1
0, 1
0, 1
0, 1
0, 0
0, 1

0, 0
22, 0
0, 1
0, 1
0, 0
0, 1
0, 0
0, 0
0, 0
0, 0

0, 1
0, 0
0, 0
0, 0
0, 0
0, 0
0, 1
0, -1
0, 0
0, 0

0, 0
0, 0
0, 1
0, 1
0, 0
0, 0
0, 1
0, 0
0, 1
0, 1

3, 3
-1, 0
0, 2
1, 2
4, -7
1, 1
0, 3
1, 2
1, 3
1, 4

0, 2
1, 3
1, 1
1, 4
2, 2
0, 0
0, 2
0, 4
1, 2
0, 2

0, 2
3, 3
0, 4
0, 0
0, 2
0, 3
0, 1
0, 3
-1, 1
1, 0

1, 2
-4, -2
2, 4
0, 1
1, 0
1, 2
2, 2
2, 1
0, 2
0, 4

-1, 3
1, 3
-1, 2
3, 3
0, 2
1, 1
2, 4
1, 5
1, 3
4, 2

10, 12
0, 3
0, 2
-1, 5
0, 5
0, 3
1, 4
1, 2
0, 7
1, 4

1, 2
0, 12
0, 2
1, 3
1, -1
0, 2
0, 2
0, 1
1, 2
2, 4

0, 1
0, 3
2, 4
0, 2
0, 3
1, 1
2, 3
0, 3
1, 3
1, 6

0, 12
2, 2
0, 2
2, 4
0, 2
0, 1
1, 4
0, 1
2, 3
0, 2

11, 12
2, 2
3, 4
0, 3
-1, 1
0, 1
-2, 0
2, 1
1, -1
0, 4

0, 2
0, 38
0, 2
3, 5
3, 39
0, 28
-1, 21
-1, 1
1, 2
0, 3

2, 3
1, 2
-1, 0
-2, -2
1, 3
2, 2
0, 2
2, 3
-2, 0
0, 2

1, 2
-128, -132
0, 2
0, 3
0, 2
7, 8
-5, -5
12, 12
1, 2
0, 5

1, 2
-2, 1
0, 4
0, 2
1, 2
0, 4
1, 2
0, 2
2, 4
1, 3

1, 1
2, 3
-7, 4
-82, -79
1, 3
2, 3
1, 3
1, 4
1, 4
1, 5

1, 2
-22, -22
0, 1
3, 4
1, 2
1, 2
1, 2
2, 3
-1, 1
1, 3

2, 4
1, 3
0, 2
1, 3
1, 2
0, 2
1, 3
0, 1
1, 3
0, 0

1, 3
0, 1
1, 3
0, 4
0, 0
2, 3
1, 2
-1, 16
0, 4
0, 5

-12, -11
1, 52
-1, 2
1, 3
0, 2
1, 4
-1, 2
1, 5
0, 2
25, 10

1, 2
0, 1
1, 4
0, 1
0, 2
-1, 3
1, 3
0, 3
2, 3
0, 1

1, 3
-2, -12
0, 2
1, 3
0, 9
0, 7
1, 3
1, 0
0, 7
1, 2

0, 0
0, 0
0, 0
0, 0
0, 0
0, 0
0, 0
0, 0
0, 0
0, 0

0, 0
0, 0
0, 0
0, 0
0, 0
0, 0
0, 0
0, 0
0, 0
0, 0

0, 0
0, 0
0, 0
0, 0
0, 0
0, 0
0, 0
0, 0
0, 0
0, 0

0, 0
0, 0
0, 0
0, 0
0, 0
0, 0
0, 0
0, 0
0, 0
0, 0

0, 0
0, 0
0, 0
0, 0
0, 0
0, 0
0, 0
0, 0
0, 0
0, 0

0, 0
0, 0
0, 0
0, 0
0, 0
0, 0
0, 0
0, 0
0, 0
0, 0

0, 0
0, 0
0, 0
0, 0
0, 0
0, 0
0, 0
0, 0
0, 0
0, 0

0, 0
0, 0
0, 0
0, 0
0, 0
0, 0
0, 0
0, 0
0, 0
0, 0

0, 0
0, 0
0, 0
0, 0
0, 0
0, 0
0, 0
0, 0
0, 0
0, 0

0, 0
0, 0
0, 0
0, 0
0, 0
0, 0
0, 0
0, 0
0, 0
0, 0

0, 0
0, 0
0, 0
0, 0
0, 0
0, 0
0, 0
0, 0
0, 0
0, 0

0, 0
0, 0
0, 0
0, 0
0, 0
0, 0
0, 0
0, 0
0, 0
0, 0

0, 0
0, 0
0, 0
0, 0
0, 0
0, 0
0, 0
0, 0
0, 0
0, 0

0, 0
0, 0
0, 0
0, 0
0, 0
0, 0
0, 0
0, 0
0, 0
0, 0

0, 0
0, 0
0, 0
0, 0
0, 0
0, 0
0, 0
0, 0
0, 0
0, 0

0, 0
0, 0
0, 0
0, 0
0, 0
0, 0
0, 0
0, 0
0, 0
0, 0

0, 0
0, 0
0, 0
0, 0
0, 0
0, 0
0, 0
0, 0
0, 0
0, 0

0, 0
0, 0
0, 0
0, 0
0, 0
0, 0
0, 0
0, 0
0, 0
0, 0

0, 0
0, 0
0, 0
0, 0
0, 0
0, 0
0, 0
0, 0
0, 0
0, 0

0, 0
0, 0
0, 0
0, 0
0, 0
0, 0
0, 0
0, 0
0, 0
0, 0









































































































































































































































































































































































































































































































































































































































































































































































































































































































































































































































































































































































































































































































































































































































































































































































































































































0, 0
0, 0
0, 0
0, 0
0, 0
0, 0
0, 0
0, 0
0, 0
0, 0
0, 0
0, 0
0, 0
0, 0
0, 0
0, 0
0, 0
0, 0
0, 0
0, 0
0, 0
0, 0
0, 0
0, 0
0, 0
0, 0
0, 0
0, 0
0, 0
0, 0
0, 0
0, 0

1, 2
2, 4
0, 3
1, 2
-1, 1
1, 2
1, 1
0, 1
2, 4
0, 3
1, 3
-10, 6
10, 13
0, 2
1, 1
0, -9
0, 3
3, 3
-1, 2
0, 2
0, 3
9, 11
0, 2
-2, 1
0, 1
-1, 2
0, 2
1, 2
2, 3
-1, 1
0, 2
10, 11

0, 0
0, 1
0, 1
0, 1
0, 1
0, 1
0, 1
0, 1
0, 1
0, 0
1, 1
0, 1
0, 1
0, 1
0, 1
-1, 0
1, 2
0, 1
0, 1
0, 1
1, 1
0, 1
0, 1
0, 1
0, 1
0, 2
0, 1
0, 1
0, 1
0, 2
1, 1
0, 1

1, 1
1, 1
1, 1
-1, 1
1, 1
1, 1
0, 1
1, 1
0, 1
1, 1
1, 1
0, 0
-1, 0
-1, 0
1, 1
0, 0
0, 0
1, 2
1, 1
1, 1
1, 1
0, 0
1, 1
0, 0
1, 1
1, 1
1, 1
1, 1
1, 1
1, 1
1, 2
0, 0

1, 193
0, 1
0, 1
0, 1
0, 1
0, 1
0, 1
1, 1
0, 1
0, 2
1, 1
0, 1
1, 1
0, 1
1, 1
1, 1
1, 1
1, 2
0, 3
0, 2
0, 0
0, 2
1, 1
1, 1
1, 2
1, 1
1, 1
1, 2
1, 2
1, 1
1, 2
0, 1

0, 1
0, -1
0, 1
0, 1
0, 1
0, 2
0, 1
0, 1
0, 1
0, 1
0, 1
0, 1
0, 1
1, 1
1, 1
0, 1
1, 1
0, 1
-1, 1
1, 2
0, 1
2, 1
0, 0
0, 2
1, 1
1, 1
1, 2
1, 2
0, 1
1, 1
1, 1
0, 1

1, 1
1, 1
1, 1
0, 0
1, 1
0, 1
0, 1
0, 0
0, 1
1, 2
0, 0
0, 0
0, 0
1, 2
1, 1
0, 2
2, 2
0, 0
0, 0
1, 2
1, 1
-1, 0
-1, 0
0, 0
1, 1
1, 1
1, 3
1, 0
1, 1
0, 0
0, 1
0, 2

1, 1
0, 1
1, 2
1, 1
1, 1
0, 1
1, 1
1, 1
0, 0
1, 2
0, 0
0, 0
0, 0
0, 1
0, 1
1, 1
1, 1
1, 1
0, 1
1, 2
1, 1
0, 0
1, 1
1, 1
0, 0
0, 1
1, 1
0, 1
1, 2
0, 0
0, 1
-1, 1

0, 0
0, 1
0, 1
0, 1
0, 1
0, 1
0, 1
0, 5
0, 1
0, 1
0, 1
0, 1
0, 1
0, 1
0, 1
0, 1
0, 1
0, 1
0, 1
0, 1
0, 1
0, 1
1, 1
0, 1
0, 1
0, 1
0, -1
0, 1
0, 1
0, -1
0, 0
0, 1

0, 1
0, 1
0, 1
1, 0
-44, -43
0, 1
0, -1
1, 1
0, 1
0, 1
-1, 0
0, 1
1, 1
1, 1
1, 1
0, 1
1, 1
1, 1
0, 1
0, 2
1, 2
0, 1
1, 1
1, 1
0, 1
0, 1
0, 1
1, 1
0, 1
0, 2
0, 2
0, 1

1, 1
1, 1
1, 1
1, 1
1, 1
1, 1
1, 1
1, 1
0, 0
0, 1
0, 0
1, 1
0, 0
1, 1
1, 1
0, 0
1, 2
0, 2
0, 1
0, 1
1, 1
0, 0
1, 1
0, 1
0, 1
0, 0
0, 0
1, 1
1, 1
0, 1
1, 1
0, 1

0, 0
-102, -101
1, 1
1, 1
1, 1
0, 0
0, 0
1, 1
1, 1
0, 1
0, 3
1, 1
1, 1
1, 1
1, 1
1, 1
0, 0
1, 1
1, 1
1, 1
1, 1
1, 1
1, 1
0, 2
1, 1
1, 1
1, 2
0, 1
1, 1
0, 0
0, 1
0, 1

0, 0
0, 0
1, 1
1, 1
0, 1
0, 5
0, 1
1, 1
1, 1
1, 1
0, 1
0, 0
1, 1
1, 1
1, 1
0, 0
1, 1
1, 1
1, 1
0, 0
1, 1
1, 1
1, 1
1, 1
1, 1
0, 1
1, 1
1, 1
4, 1
0, 2
0, 1
1, 1

1, 1
0, 4
1, 1
1, 1
1, 1
1, 1
0, 0
1, 1
1, 1
0, 0
0, 1
1, 1
1, 1
1, 1
-1, 0
0, 0
0, 1
-1, 8
0, 0
0, 0
1, 2
2, 7
0, 0
0, 0
0, 1
1, 0
1, 1
1, 2
0, 1
0, 1
0, 0
1, 2

0, 1
1, 7
0, 1
-1, 0
1, 2
1, 1
1, 1
-2, 19
1, 1
0, 0
1, -1
0, 0
1, 1
1, 1
0, 0
0, 2
0, 1
1, 1
-1, 0
-1, 0
0, 1
0, 0
1, 2
0, 0
1, 2
1, 1
0, 1
1, 2
1, 1
1, 1
0, 0
1, 1

0, 2
0, 2
0, 1
1, 2
0, 1
0, 0
0, 0
0, 0
0, 0
0, 0
0, 0
1, 1
0, 0
0, 0
1, 2
0, 0
0, 0
1, 1
0, 1
0, 0
0, 1
1, 1
0, 0
1, 1
0, 1
0, 0
0, 0
0, 1
0, 0
0, 0
0, 0
0, 0

2, 2
2, 2
2, 2
2, 2
2, 2
2, 2
1, 2
2, 2
1, 3
2, 2
2, 2
2, 2
2, 2
2, 2
2, 2
2, 2
2, 3
2, 2
2, 2
2, 2
2, 2
2, 2
1, 2
2, 2
2, 2
2, 2
2, 2
2, 2
2, 2
2, 2
2, 2
2, 2

1, 2
1, 2
1, 2
2, 3
1, 2
2, 2
2, 3
2, 2
1, 2
2, 3
2, 1
2, 3
2, 2
2, 2
2, 2
2, 3
2, 2
2, 2
2, 3
2, 2
2, 2
2, 3
2, 2
2, 2
2, 2
2, 2
2, 2
2, 2
2, 3
2, 2
2, 2
0, 2

1, 2
6, 54
0, 2
1, 2
2, 2
1, 2
2, 2
2, 2
2, 3
2, 2
2, 2
2, 14
2, 2
2, 2
2, 2
2, 2
2, 2
2, 2
1, 2
2, 2
2, 2
2, 2
1, 2
2, 2
1, 2
2, 2
2, 2
2, 2
1, 2
2, 2
1, 2
2, 2

2, 2
2, 2
2, 2
2, 2
1, 4
2, 2
1, 2
2, 2
2, 2
2, 2
2, 2
2, 2
2, 2
2, 3
2, 3
1, 3
2, 2
2, 3
2, 2
2, 2
2, 2
1, 2
2, 2
2, 2
2, 2
2, 3
2, 2
2, 2
2, 2
2, 2
0, 3
2, 3

1, 2
1, 2
1, 2
1, 2
2, 2
1, 2
2, 2
2, 2
1, 2
1, 1
1, 2
2, 2
2, 2
2, 3
2, 2
2, 3
1, 2
0, 0
1, 2
2, 2
2, 2
1, 2
2, 2
2, 2
2, 2
2, 2
2, 2
2, 2
2, 2
1, 2
1, 2
2, 2

2, 2
2, 2
2, 2
2, 2
2, 2
2, 2
1, 2
2, 2
2, 2
2, 2
2, 3
2, 2
2, 2
2, 2
2, 2
2, 2
2, 2
2, 3
2, 2
2, 2
2, 2
2, 2
2, 2
2, 2
2, 2
2, 2
2, 2
2, 2
2, 3
1, 3
2, 2
1, 2

1, 2
1, 2
1, 2
1, 2
1, 2
1, 2
2, 2
1, 2
2, 2
2, 2
1, 2
1, 2
1, 2
2, 2
1, 2
1, 2
1, 2
1, 2
1, 2
1, 2
1, 2
1, 2
2, 2
2, 2
2, 2
2, 2
1, 2
1, 2
2, 2
1, 2
1, 2
2, 2

1, 2
1, 2
1, 2
1, 2
1, 2
1, 2
2, 2
1, 2
1, 2
1, 2
2, 2
1, 2
1, 2
1, 2
1, 2
1, 2
1, 2
1, 2
1, 2
1, 2
1, 2
1, 2
1, 0
1, 2
1, 2
1, 0
1, 0
1, 2
0, 2
1, 2
1, 2
1, 2

83, 101
85, 105
83, 100
83, 96
83, 100
88, 96
82, 97
85, 100
85, 95
86, 100
84, 97
98, 99
83, 97
83, 98
84, 97
84, 98
83, 96
82, 100
83, 99
83, 96
85, 95
85, 96
55, 64
56, 67
173, 139
53, 99
83, 98
94, 190
87, 106
83, 95
0, 95
84, 96

88, 98
56, 50
48, 59
59, 61
52, 59
50, 54
48, 59
204, 0
0, 0
61, 58
50, 66
49, 0
0, 56
497, 62
56, 67
73, 0
48, 57
51, 61
51, 127
52, 56
50, 54
48, 0
49, 101
55, 48
51, 0
57, 63
51, 54
51, 63
50, 58
46, 60
0, 59
55, 64

84, 100
88, 103
84, 95
83, 97
86, 97
83, 101
82, 98
82, 101
84, 99
250, 106
84, 101
84, 97
83, 38
82, 99
56, 50
81, 101
90, 97
85, 110
86, 101
97, 100
44, 57
49, 65
51, 55
44, 64
55, 61
45, 57
41, 54
45, 49
48, 58
44, 55
50, 80
55, 62

86, 102
86, 98
57, 55
55, 48
0, 64
57, 60
56, 49
57, 66
48, 59
54, 63
50, 55
49, 61
47, 62
52, 56
46, 52
49, 58
48, 53
47, 60
53, 66
51, 53
46, 55
47, 57
49, 52
47, 60
54, 55
44, 59
49, 50
57, 65
42, 49
45, 53
50, 56
47, 56

84, 95
53, 71
51, 56
45, 64
48, 60
54, 63
56, 58
55, 60
56, 214
54, 61
55, 64
55, 64
56, 65
59, 66
46, 57
54, 68
52, 73
45, 65
0, 55
50, 64
52, 62
53, 69
55, 56
46, 49
61, 61
47, 54
59, 67
51, 65
48, 67
57, 53
49, 54
56, 61

85, 96
88, 99
86, 102
86, 98
59, 66
49, 65
54, 48
47, 56
58, 56
57, 56
92, 96
49, 56
48, 68
90, 96
88, 107
85, 107
91, 101
89, 97
87, 111
90, 95
85, 100
88, 97
86, 99
93, 104
92, 101
85, 97
84, 103
87, 100
93, 99
86, 99
90, 97
88, 98

50, 71
59, 56
61, 59
50, 53
54, 56
52, 57
60, 59
49, 55
44, 57
51, 57
50, 57
55, 59
52, 57
48, 57
49, 60
1, 58
57, 59
54, 55
62, 53
53, 55
1, 56
50, 55
52, 56
55, 58
55, 59
60, 58
52, 0
51, 0
54, 58
57, 58
53, 58
24, 57

88, 98
89, 99
107, 0
401, 154
0, 101
89, 98
87, 97
87, 119
154, 206
98, 103
124, 90
87, 102
84, 196
85, 111
64, 68
49, 53
43, 66
58, 65
59, 173
0, 128
56, 137
60, 61
54, 86
84, 100
85, 107
88, 106
86, 102
85, 247
87, 100
85, 88
86, 104
84, 99

0, 0
82, 98
82, 82
89, 88
58, 71
54, 53
54, 56
46, 52
53, 45
55, 59
50, 62
56, 58
52, 70
52, 64
56, 60
47, 60
49, 50
52, 54
56, 58
45, 44
50, 53
55, 55
48, 52
52, 62
46, 47
57, 67
51, 54
46, 61
48, 52
54, 50
50, 47
51, 42

91, 98
84, 102
84, 101
93, 105
45, 50
43, 66
42, 68
56, 67
43, 62
51, 58
89, 99
93, 99
59, 59
87, 101
60, 60
51, 58
88, 104
63, 58
87, 100
88, 102
53, 69
85, 104
50, 66
91, 97
54, 64
87, 97
89, 99
53, 61
54, 57
53, 57
50, 62
56, 64



87, 84
101, 108
83, 85
82, 85
82, 86
84, 84
84, 104
83, 86

0, 0
0, 0
0, 0
0, 0
0, 0
0, 0
0, 0
0, 0

0, 0
0, 0
0, 0
0, 0
0, 0
0, 0
0, 0
0, 0
0, 0
0, 0
0, 0
0, 0
0, 0
0, 0
0, 0
0, 0
0, 0
0, 0
0, 0
0, 0
0, 0
0, 0
0, 0
0, 0
0, 0
0, 0
0, 0
0, 0
0, 0
0, 0
0, 0
0, 0
0, 0
0, 0
0, 0
0, 0
0, 0
0, 0
0, 0
0, 0
0, 0
0, 0
0, 0
0, 0
0, 0
0, 0
0, 0
0, 0
0, 0
0, 0
0, 0
0, 0
0, 0
0, 0
0, 0
0, 0
0, 0
0, 0
0, 0
0, 0
0, 0
0, 0
0, 0
0, 0
0, 0
0, 0
0, 0
0, 0
0, 0
0, 0
0, 0
0, 0
0, 0
0, 0
0, 0
0, 0
0, 0
0, 0
0, 0
0, 0
0, 0
0, 0
0, 0
0, 0
0, 0
0, 0
0, 0
0, 0
0, 0
0, 0
0, 0
0, 0
0, 0
0, 0
0, 0
0, 0
0, 0
0, 0
0, 0
0, 0
0, 0
0, 0
0, 0
0, 0
0, 0
0, 0
0, 0
0, 0
0, 0
0, 0
0, 0
0, 0
0, 0
0, 0
0, 0
0, 0
0, 0
0, 0
0, 0
0, 0
0, 0
0, 0
0, 0
0, 0
0, 0
0, 0
0, 0
0, 0
0, 0
0, 0
0, 0
0, 0
0, 0
0, 0
0, 0
0, 0
0, 0
0, 0
0, 0
0, 0
0, 0
0, 0
0, 0
0, 0
0, 0
0, 0
0, 0
0, 0
0, 0
0, 0
0, 0
0, 0
0, 0
0, 0
0, 0
0, 0
0, 0
0, 0
0, 0
0, 0
0, 0
0, 0
0, 0
0, 0
0, 0
0, 0
0, 0
0, 0
0, 0
0, 0
0, 0
0, 0
0, 0
0, 0
0, 0
0, 0
0, 0
0, 0
0, 0
0, 0
0, 0
0, 0
0, 0
0, 0
0, 0
0, 0
0, 0
0, 0
0, 0
0, 0
0, 0
0, 0
0, 0
0, 0
0, 0
0, 0
0, 0
0, 0
0, 0
0, 0
0, 0
0, 0
0, 0
0, 0
0, 0
0, 0
0, 0
0, 0
0, 0
0, 0
0, 0
0, 0
0, 0
0, 0
0, 0
0, 0
0, 0
0, 0
0, 0
0, 0
0, 0
0, 0
0, 0
0, 0
0, 0
0, 0
0, 0
0, 0
0, 0
0, 0
0, 0
0, 0
0, 0
0, 0
0, 0
0, 0
0, 0
0, 0
0, 0
0, 0
0, 0
0, 0
0, 0
0, 0
0, 0
0, 0
0, 0
0, 0
0, 0
0, 0
0, 0
0, 0
0, 0
0, 0
0, 0
0, 0
0, 0
0, 0
0, 0
0, 0
0, 0
0, 0
0, 0
0, 0
0, 0
0, 0
0, 0
0, 0
0, 0
0, 0
0, 0
0, 0
0, 0
0, 0
0, 0
0, 0
0, 0
0, 0
0, 0
0, 0
0, 0
0, 0
0, 0
0, 0
0, 0
0, 0
0, 0
0, 0
0, 0
0, 0
0, 0
0, 0
0, 0
0, 0
0, 0
0, 0
0, 0
0, 0
0, 0
0, 0
0, 0
0, 0
0, 0
0, 0
0, 0
0, 0
0, 0
0, 0
0, 0
0, 0
0, 0
0, 0
0, 0
0, 0
0, 0
0, 0
0, 0
0, 0
0, 0
0, 0
0, 0
0, 0
0, 0
0, 0
0, 0
0, 0
0, 0
0, 0
0, 0
0, 0
0, 0
0, 0
0, 0
0, 0
0, 0
0, 0
0, 0
0, 0
0, 0
0, 0
0, 0
0, 0
0, 0
0, 0
0, 0
0, 0
0, 0
0, 0
0, 0
0, 0
0, 0
0, 0
0, 0
0, 0
0, 0
0, 0
0, 0
0, 0
0, 0
0, 0
0, 0
0, 0
0, 0
0, 0
0, 0
0, 0
0, 0
0, 0
0, 0
0, 0
0, 0
0, 0
0, 0
0, 0
0, 0
0, 0
0, 0
0, 0
0, 0
0, 0
0, 0
0, 0
0, 0
0, 0
0, 0
0, 0
0, 0
0, 0
0, 0
0, 0
0, 0
0, 0
0, 0
0, 0
0, 0
0, 0
0, 0
0, 0
0, 0
0, 0
0, 0
0, 0
0, 0
0, 0
0, 0
0, 0
0, 0
0, 0
0, 0
0, 0
0, 0
0, 0
0, 0
0, 0
0, 0
0, 0
0, 0
0, 0
0, 0
0, 0
0, 0
0, 0
0, 0
0, 0
0, 0
0, 0
0, 0
0, 0
0, 0
0, 0
0, 0
0, 0
0, 0
0, 0
0, 0
0, 0
0, 0
0, 0
0, 0
0, 0
0, 0
0, 0
0, 0
0, 0
0, 0
0, 0
0, 0
0, 0
0, 0
0, 0
0, 0
0, 0
0, 0
0, 0
0, 0
0, 0
0, 0
0, 0
0, 0
0, 0
0, 0
0, 0
0, 0
0, 0
0, 0
0, 0
0, 0
0, 0
0, 0
0, 0
0, 0
0, 0
0, 0
0, 0
0, 0
0, 0
0, 0
0, 0
0, 0
0, 0
0, 0
0, 0
0, 0
0, 0
0, 0
0, 0
0, 0
0, 0
0, 0
0, 0
0, 0
0, 0
0, 0
0, 0
0, 0
0, 0
0, 0
0, 0
0, 0
0, 0
0, 0
0, 0
0, 0
0, 0
0, 0
0, 0
0, 0
0, 0
0, 0
0, 0
0, 0
0, 0
0, 0
0, 0
0, 0
0, 0
0, 0
0, 0
0, 0
0, 0
0, 0
0, 0
0, 0
0, 0
0, 0
0, 0
0, 0
0, 0
0, 0
0, 0
0, 0
0, 0
0, 0
0, 0
0, 0
0, 0
0, 0
0, 0
0, 0
0, 0
0, 0
0, 0
0, 0
0, 0
0, 0
0, 0
0, 0
0, 0
0, 0
0, 0
0, 0
0, 0
0, 0
0, 0
0, 0
0, 0
0, 0
0, 0
0, 0
0, 0
0, 0
0, 0
0, 0
0, 0
0, 0
0, 0
0, 0
0, 0
0, 0
0, 0
0, 0
0, 0
0, 0
0, 0
0, 0
0, 0
0, 0
0, 0
0, 0
0, 0
0, 0
0, 0
0, 0
0, 0
0, 0
0, 0
0, 0
0, 0
0, 0
0, 0
0, 0
0, 0
0, 0
0, 0
0, 0
0, 0
0, 0
0, 0
0, 0
0, 0
0, 0
0, 0
0, 0
0, 0
0, 0
0, 0
0, 0
0, 0
0, 0
0, 0
0, 0
0, 0
0, 0
0, 0
0, 0
0, 0
0, 0
0, 0
0, 0
0, 0
0, 0
0, 0
0, 0
0, 0
0, 0
0, 0
0, 0
0, 0
0, 0
0, 0
0, 0
0, 0
0, 0
0, 0
0, 0
0, 0
0, 0
0, 0
0, 0
0, 0
0, 0
0, 0
0, 0
0, 0
0, 0
0, 0
0, 0
0, 0
0, 0
0, 0
0, 0
0, 0
0, 0
0, 0
0, 0
0, 0
0, 0
0, 0
0, 0
0, 0
0, 0
0, 0
0, 0
0, 0
0, 0
0, 0
0, 0
0, 0
0, 0
0, 0
0, 0
0, 0
0, 0
0, 0
0, 0
0, 0
0, 0
0, 0
0, 0
0, 0
0, 0
0, 0
0, 0
0, 0
0, 0
0, 0
0, 0
0, 0
0, 0
0, 0
0, 0
0, 0
0, 0
0, 0
0, 0
0, 0
0, 0
0, 0
0, 0
0, 0
0, 0
0, 0
0, 0
0, 0
0, 0
0, 0
0, 0
0, 0
0, 0
0, 0
0, 0
0, 0
0, 0
0, 0
0, 0
0, 0
0, 0
0, 0
0, 0
0, 0
0, 0
0, 0
0, 0
0, 0
0, 0
0, 0
0, 0
0, 0
0, 0
0, 0
0, 0
0, 0
0, 0
0, 0
0, 0
0, 0
0, 0
0, 0
0, 0
0, 0
0, 0
0, 0
0, 0
0, 0
0, 0
0, 0
0, 0
0, 0
0, 0
0, 0
0, 0
0, 0
0, 0
0, 0
0, 0
0, 0
0, 0
0, 0
0, 0
0, 0
0, 0
0, 0
0, 0
0, 0
0, 0
0, 0
0, 0
0, 0
0, 0
0, 0
0, 0
0, 0
0, 0
0, 0
0, 0
0, 0
0, 0
0, 0
0, 0
0, 0
0, 0
0, 0
0, 0
0, 0
0, 0
0, 0
0, 0
0, 0
0, 0
0, 0
0, 0
0, 0
0, 0
0, 0
0, 0
0, 0
0, 0
0, 0
0, 0
0, 0
0, 0
0, 0
0, 0
0, 0
0, 0
0, 0
0, 0
0, 0
0, 0
0, 0
0, 0
0, 0
0, 0
0, 0
0, 0
0, 0
0, 0
0, 0
0, 0
0, 0
0, 0
0, 0
0, 0
0, 0
0, 0
0, 0
0, 0
0, 0
0, 0
0, 0
0, 0
0, 0
0, 0
0, 0
0, 0
0, 0
0, 0
0, 0
0, 0
0, 0
0, 0
0, 0
0, 0
0, 0
0, 0
0, 0
0, 0
0, 0
0, 0
0, 0
0, 0
0, 0
0, 0
0, 0
0, 0
0, 0
0, 0
0, 0
0, 0
0, 0
0, 0
0, 0
0, 0
0, 0
0, 0
0, 0
0, 0
0, 0
0, 0
0, 0
0, 0
0, 0
0, 0
0, 0
0, 0
0, 0
0, 0
0, 0
0, 0
0, 0
0, 0
0, 0
0, 0
0, 0
0, 0
0, 0
0, 0
0, 0
0, 0
0, 0
0, 0
0, 0
0, 0
0, 0
0, 0
0, 0
0, 0
0, 0
0, 0
0, 0
0, 0
0, 0
0, 0
0, 0
0, 0
0, 0
0, 0
0, 0
0, 0
0, 0
0, 0
0, 0
0, 0
0, 0
0, 0
0, 0
0, 0
0, 0
0, 0
0, 0
0, 0
0, 0
0, 0
0, 0
0, 0
0, 0
0, 0
0, 0
0, 0
0, 0
0, 0
0, 0
0, 0
0, 0
0, 0
0, 0
0, 0
0, 0
0, 0
0, 0
0, 0
0, 0
0, 0
0, 0
0, 0
0, 0
0, 0
0, 0
0, 0
0, 0
0, 0
0, 0
0, 0
0, 0
0, 0
0, 0
0, 0
0, 0
0, 0
0, 0
0, 0
0, 0
0, 0
0, 0
0, 0
0, 0
0, 0
0, 0
0, 0
0, 0
0, 0
0, 0
0, 0
0, 0
0, 0
0, 0
0, 0
0, 0
0, 0
0, 0
0, 0
0, 0
0, 0
0, 0
0, 0
0, 0
0, 0
0, 0
0, 0
0, 0
0, 0
0, 0
0, 0
0, 0
0, 0
0, 0
0, 0
0, 0
0, 0
0, 0
0, 0
0, 0
0, 0
0, 0
0, 0
0, 0
0, 0
0, 0
0, 0
0, 0
0, 0
0, 0
0, 0
0, 0
0, 0
0, 0
0, 0
0, 0
0, 0
0, 0
0, 0
0, 0
0, 0
0, 0
0, 0
0, 0
0, 0
0, 0
0, 0
0, 0
0, 0
0, 0
0, 0
0, 0
0, 0
0, 0
0, 0
0, 0
0, 0
0, 0
0, 0
0, 0
0, 0
0, 0
0, 0
0, 0
0, 0
0, 0
0, 0
0, 0
0, 0
0, 0
0, 0
0, 0
0, 0
0, 0
0, 0
0, 0
0, 0
0, 0
0, 0
0, 0
0, 0
0, 0
0, 0
0, 0
0, 0
0, 0
0, 0
0, 0
0, 0
0, 0
0, 0
0, 0
0, 0
0, 0
0, 0
0, 0
0, 0
0, 0
0, 0
0, 0
0, 0
0, 0
0, 0
0, 0
0, 0
0, 0
0, 0
0, 0
0, 0
0, 0
0, 0
0, 0
0, 0
0, 0
0, 0
0, 0
0, 0
0, 0
0, 0
0, 0
0, 0
0, 0
0, 0
0, 0
0, 0
0, 0
0, 0
0, 0
0, 0
0, 0
0, 0
0, 0
0, 0
0, 0
0, 0
0, 0
0, 0
0, 0
0, 0
0, 0
0, 0
0, 0
0, 0
0, 0
0, 0
0, 0
0, 0
0, 0
0, 0
0, 0
0, 0
0, 0
0, 0
0, 0
0, 0
0, 0
0, 0
0, 0
0, 0
0, 0
0, 0
0, 0
0, 0
0, 0
0, 0
0, 0
0, 0
0, 0
0, 0
0, 0
0, 0
0, 0
0, 0
0, 0
0, 0
0, 0
0, 0
0, 0
0, 0
0, 0
0, 0
0, 0
0, 0
0, 0
0, 0
0, 0
0, 0
0, 0
0, 0
0, 0
0, 0
0, 0
0, 0
0, 0
0, 0
0, 0
0, 0
0, 0
0, 0
0, 0
0, 0
0, 0
0, 0
0, 0
0, 0
0, 0
0, 0
0, 0
0, 0
0, 0
0, 0
0, 0
0, 0
0, 0
0, 0
0, 0
0, 0
0, 0
0, 0
0, 0
0, 0
0, 0
0, 0
0, 0
0, 0
0, 0
0, 0
0, 0
0, 0
0, 0
0, 0
0, 0
0, 0
0, 0
0, 0
0, 0
0, 0
0, 0
0, 0
0, 0
0, 0
0, 0
0, 0
0, 0
0, 0
0, 0
0, 0
0, 0
0, 0
0, 0
0, 0
0, 0
0, 0
0, 0
0, 0
0, 0
0, 0
0, 0
0, 0
0, 0
0, 0
0, 0
0, 0
0, 0
0, 0
0, 0
0, 0
0, 0
0, 0
0, 0
0, 0
0, 0
0, 0
0, 0
0, 0
0, 0
0, 0
0, 0
0, 0
0, 0
0, 0
0, 0
0, 0
0, 0
0, 0
0, 0
0, 0
0, 0
0, 0
0, 0
0, 0
0, 0
0, 0
0, 0
0, 0
0, 0
0, 0
0, 0
0, 0
0, 0
0, 0
0, 0
0, 0
0, 0
0, 0
0, 0
0, 0
0, 0
0, 0
0, 0
0, 0
0, 0
0, 0
0, 0
0, 0
0, 0
0, 0
0, 0
0, 0
0, 0
0, 0
0, 0
0, 0
0, 0
0, 0
0, 0
0, 0
0, 0
0, 0
0, 0
0, 0
0, 0
0, 0
0, 0
0, 0
0, 0
0, 0
0, 0
0, 0
0, 0
0, 0
0, 0
0, 0
0, 0
0, 0
0, 0
0, 0
0, 0
0, 0
0, 0
0, 0
0, 0
0, 0
0, 0
0, 0
0, 0
0, 0
0, 0
0, 0
0, 0
0, 0
0, 0
0, 0
0, 0
0, 0
0, 0
0, 0
0, 0
0, 0
0, 0
0, 0
0, 0
0, 0
0, 0
0, 0
0, 0
0, 0
0, 0
0, 0
0, 0
0, 0
0, 0
0, 0
0, 0
0, 0
0, 0
0, 0
0, 0
0, 0
0, 0
0, 0
0, 0
0, 0
0, 0
0, 0
0, 0
0, 0
0, 0
0, 0
0, 0
0, 0
0, 0
0, 0
0, 0
0, 0
0, 0
0, 0
0, 0
0, 0
0, 0
0, 0
0, 0
0, 0
0, 0
0, 0
0, 0
0, 0
0, 0
0, 0
0, 0
0, 0
0, 0
0, 0
0, 0
0, 0
0, 0
0, 0
0, 0
0, 0
0, 0
0, 0
0, 0
0, 0
0, 0
0, 0
0, 0
0, 0
0, 0
0, 0
0, 0
0, 0
0, 0
0, 0
0, 0
0, 0
0, 0
0, 0
0, 0
0, 0
0, 0
0, 0
0, 0
0, 0
0, 0
0, 0
0, 0
0, 0
0, 0
0, 0
0, 0
0, 0
0, 0
0, 0
0, 0
0, 0
0, 0
0, 0
0, 0
0, 0
0, 0
0, 0
0, 0
0, 0
0, 0
0, 0
0, 0
0, 0
0, 0
0, 0
0, 0
0, 0
0, 0
0, 0
0, 0
0, 0
0, 0
0, 0
0, 0
0, 0
0, 0
0, 0
0, 0
0, 0
0, 0
0, 0
0, 0
0, 0
0, 0
0, 0
0, 0
0, 0
0, 0
0, 0
0, 0
0, 0
0, 0
0, 0
0, 0
0, 0
0, 0
0, 0
0, 0
0, 0
0, 0
0, 0
0, 0
0, 0
0, 0
0, 0
0, 0
0, 0
0, 0
0, 0
0, 0
0, 0
0, 0
0, 0
0, 0
0, 0
0, 0
0, 0
0, 0
0, 0
0, 0
0, 0
0, 0
0, 0
0, 0
0, 0
0, 0
0, 0
0, 0
0, 0
0, 0
0, 0
0, 0
0, 0
0, 0
0, 0
0, 0
0, 0
0, 0
0, 0
0, 0
0, 0
0, 0
0, 0
0, 0
0, 0
0, 0
0, 0
0, 0
0, 0
0, 0
0, 0
0, 0
0, 0
0, 0
0, 0
0, 0
0, 0
0, 0
0, 0
0, 0
0, 0
0, 0
0, 0
0, 0
0, 0
0, 0
0, 0
0, 0
0, 0
0, 0
0, 0
0, 0
0, 0
0, 0
0, 0
0, 0
0, 0
0, 0
0, 0
0, 0
0, 0
0, 0
0, 0
0, 0
0, 0
0, 0
0, 0
0, 0
0, 0
0, 0
0, 0
0, 0
0, 0
0, 0
0, 0
0, 0
0, 0
0, 0
0, 0
0, 0
0, 0
0, 0
0, 0
0, 0
0, 0
0, 0
0, 0
0, 0
0, 0
0, 0
0, 0
0, 0
0, 0
0, 0
0, 0
0, 0
0, 0
0, 0
0, 0
0, 0
0, 0
0, 0
0, 0
0, 0
0, 0
0, 0
0, 0
0, 0
0, 0
0, 0
0, 0
0, 0
0, 0
0, 0
0, 0
0, 0
0, 0
0, 0
0, 0
0, 0
0, 0
0, 0
0, 0
0, 0
0, 0
0, 0
0, 0
0, 0
0, 0
0, 0
0, 0
0, 0
0, 0
0, 0
0, 0
0, 0
0, 0
0, 0
0, 0
0, 0
0, 0
0, 0
0, 0
0, 0
0, 0
0, 0
0, 0
0, 0
0, 0
0, 0
0, 0
0, 0
0, 0
0, 0
0, 0
0, 0
0, 0
0, 0
0, 0
0, 0
0, 0
0, 0
0, 0
0, 0
0, 0
0, 0
0, 0
0, 0
0, 0
0, 0
0, 0
0, 0
0, 0
0, 0
0, 0
0, 0
0, 0
0, 0
0, 0
0, 0
0, 0
0, 0
0, 0
0, 0
0, 0
0, 0
0, 0
0, 0
0, 0
0, 0
0, 0
0, 0
0, 0
0, 0
0, 0
0, 0
0, 0
0, 0
0, 0
0, 0
0, 0
0, 0
0, 0
0, 0
0, 0
0, 0
0, 0
0, 0
0, 0
0, 0
0, 0
0, 0
0, 0
0, 0
0, 0
0, 0
0, 0
0, 0
0, 0
0, 0
0, 0
0, 0
0, 0
0, 0
0, 0
0, 0
0, 0
0, 0
0, 0
0, 0
0, 0
0, 0
0, 0
0, 0
0, 0
0, 0
0, 0
0, 0
0, 0
0, 0
0, 0
0, 0
0, 0
0, 0
0, 0
0, 0
0, 0
0, 0
0, 0
0, 0
0, 0
0, 0
0, 0
0, 0
0, 0
0, 0
0, 0
0, 0
0, 0
0, 0
0, 0
0, 0
0, 0
0, 0
0, 0
0, 0
0, 0
0, 0
0, 0
0, 0
0, 0
0, 0
0, 0
0, 0
0, 0
0, 0
0, 0
0, 0
0, 0
0, 0
0, 0
0, 0
0, 0
0, 0
0, 0
0, 0
0, 0
0, 0
0, 0
0, 0
0, 0
0, 0
0, 0
0, 0
0, 0
0, 0
0, 0
0, 0
0, 0
0, 0
0, 0
0, 0
0, 0
0, 0
0, 0
0, 0
0, 0
0, 0
0, 0
0, 0
0, 0
0, 0
0, 0
0, 0
0, 0
0, 0
0, 0
0, 0
0, 0
0, 0
0, 0
0, 0
0, 0
0, 0
0, 0
0, 0
0, 0
0, 0
0, 0
0, 0
0, 0
0, 0
0, 0
0, 0
0, 0
0, 0
0, 0
0, 0
0, 0
0, 0
0, 0
0, 0
0, 0
0, 0
0, 0
0, 0
0, 0
0, 0
0, 0
0, 0
0, 0
0, 0
0, 0
0, 0
0, 0
0, 0
0, 0
0, 0
0, 0
0, 0
0, 0
0, 0
0, 0
0, 0
0, 0
0, 0
0, 0
0, 0
0, 0
0, 0
0, 0
0, 0
0, 0
0, 0
0, 0
0, 0
0, 0
0, 0
0, 0
0, 0
0, 0
0, 0
0, 0
0, 0
0, 0
0, 0
0, 0
0, 0
0, 0
0, 0
0, 0
0, 0
0, 0
0, 0
0, 0
0, 0
0, 0
0, 0
0, 0
0, 0
0, 0
0, 0
0, 0
0, 0
0, 0
0, 0
0, 0
0, 0
0, 0
0, 0
0, 0
0, 0
0, 0
0, 0
0, 0
0, 0
0, 0
0, 0
0, 0
0, 0
0, 0
0, 0
0, 0
0, 0
0, 0
0, 0
0, 0
0, 0
0, 0
0, 0
0, 0
0, 0
0, 0
0, 0
0, 0
0, 0
0, 0
0, 0
0, 0
0, 0
0, 0
0, 0
0, 0
0, 0
0, 0
0, 0
0, 0
0, 0
0, 0
0, 0
0, 0
0, 0
0, 0
0, 0
0, 0
0, 0
0, 0
0, 0
0, 0
0, 0
0, 0
0, 0
0, 0
0, 0
0, 0
0, 0
0, 0
0, 0
0, 0
0, 0
0, 0
0, 0
0, 0
0, 0
0, 0
0, 0
0, 0
0, 0
0, 0
0, 0
0, 0
0, 0
0, 0
0, 0
0, 0
0, 0
0, 0
0, 0
0, 0
0, 0
0, 0
0, 0
0, 0
0, 0
0, 0
0, 0
0, 0
0, 0
0, 0
0, 0
0, 0
0, 0
0, 0
0, 0
0, 0
0, 0
0, 0
0, 0
0, 0
0, 0
0, 0
0, 0
0, 0
0, 0
0, 0
0, 0
0, 0
0, 0
0, 0
0, 0
0, 0
0, 0
0, 0
0, 0
0, 0
0, 0
0, 0
0, 0
0, 0
0, 0
0, 0
0, 0
0, 0
0, 0
0, 0
0, 0
0, 0
0, 0
0, 0
0, 0
0, 0
0, 0
0, 0
0, 0
0, 0
0, 0
0, 0
0, 0
0, 0
0, 0
0, 0
0, 0
0, 0
0, 0
0, 0
0, 0
0, 0
0, 0
0, 0
0, 0
0, 0
0, 0
0, 0
0, 0
0, 0
0, 0
0, 0
0, 0
0, 0
0, 0
0, 0
0, 0
0, 0
0, 0
0, 0
0, 0
0, 0
0, 0
0, 0
0, 0
0, 0
0, 0
0, 0
0, 0
0, 0
0, 0
0, 0
0, 0
0, 0
0, 0
0, 0
0, 0
0, 0
0, 0
0, 0
0, 0
0, 0
0, 0
0, 0
0, 0
0, 0
0, 0
0, 0
0, 0
0, 0
0, 0
0, 0
0, 0
0, 0
0, 0
0, 0
0, 0
0, 0
0, 0
0, 0
0, 0
0, 0
0, 0
0, 0
0, 0
0, 0
0, 0
0, 0
0, 0
0, 0
0, 0
0, 0
0, 0
0, 0
0, 0
0, 0
0, 0
0, 0
0, 0
0, 0
0, 0
0, 0
0, 0
0, 0
0, 0
0, 0
0, 0
0, 0
0, 0
0, 0
0, 0
0, 0
0, 0
0, 0
0, 0
0, 0
0, 0
0, 0
0, 0
0, 0
0, 0
0, 0
0, 0
0, 0
0, 0
0, 0
0, 0
0, 0
0, 0
0, 0
0, 0
0, 0
0, 0
0, 0
0, 0
0, 0
0, 0
0, 0
0, 0
0, 0
0, 0
0, 0
0, 0
0, 0
0, 0
0, 0
0, 0
0, 0
0, 0
0, 0
0, 0
0, 0
0, 0
0, 0
0, 0
0, 0
0, 0
0, 0
0, 0
0, 0
0, 0
0, 0
0, 0
0, 0
0, 0
0, 0
0, 0
0, 0
0, 0
0, 0
0, 0
0, 0
0, 0
0, 0
0, 0
0, 0
0, 0
0, 0
0, 0
0, 0
0, 0
0, 0
0, 0
0, 0
0, 0
0, 0
0, 0
0, 0
0, 0
0, 0
0, 0
0, 0
0, 0
0, 0
0, 0
0, 0
0, 0
0, 0
0, 0
0, 0
0, 0
0, 0
0, 0
0, 0
0, 0
0, 0
0, 0
0, 0
0, 0
0, 0
0, 0
0, 0
0, 0
0, 0
0, 0
0, 0
0, 0
0, 0
0, 0
0, 0
0, 0
0, 0
0, 0
0, 0
0, 0
0, 0
0, 0
0, 0
0, 0
0, 0
0, 0
0, 0
0, 0
0, 0
0, 0
0, 0
0, 0
0, 0
0, 0
0, 0
0, 0
0, 0
0, 0
0, 0
0, 0
0, 0
0, 0
0, 0
0, 0
0, 0
0, 0
0, 0
0, 0
0, 0
0, 0
0, 0
0, 0
0, 0
0, 0
0, 0
0, 0
0, 0
0, 0
0, 0
0, 0
0, 0
0, 0
0, 0
0, 0
0, 0
0, 0
0, 0
0, 0
0, 0
0, 0
0, 0
0, 0
0, 0
0, 0
0, 0
0, 0
0, 0
0, 0
0, 0
0, 0
0, 0
0, 0
0, 0
0, 0
0, 0
0, 0
0, 0
0, 0
0, 0
0, 0
0, 0
0, 0
0, 0
0, 0
0, 0
0, 0
0, 0
0, 0
0, 0
0, 0
0, 0
0, 0
0, 0
0, 0
0, 0
0, 0
0, 0
0, 0
0, 0
0, 0
0, 0
0, 0
0, 0
0, 0
0, 0
0, 0
0, 0
0, 0
0, 0
0, 0
0, 0
0, 0
0, 0
0, 0
0, 0
0, 0
0, 0
0, 0
0, 0
0, 0
0, 0
0, 0
0, 0
0, 0
0, 0
0, 0
0, 0
0, 0
0, 0
0, 0
0, 0
0, 0
0, 0
0, 0
0, 0
0, 0
0, 0
0, 0
0, 0
0, 0
0, 0
0, 0
0, 0
0, 0
0, 0
0, 0
0, 0
0, 0
0, 0
0, 0
0, 0
0, 0
0, 0
0, 0
0, 0
0, 0
0, 0
0, 0
0, 0
0, 0
0, 0
0, 0
0, 0
0, 0
0, 0
0, 0
0, 0
0, 0
0, 0
0, 0
0, 0
0, 0
0, 0
0, 0
0, 0
0, 0
0, 0
0, 0
0, 0
0, 0
0, 0
0, 0
0, 0
0, 0
0, 0
0, 0
0, 0
0, 0
0, 0
0, 0
0, 0
0, 0
0, 0
0, 0
0, 0
0, 0
0, 0
0, 0
0, 0
0, 0
0, 0
0, 0
0, 0
0, 0
0, 0
0, 0
0, 0
0, 0
0, 0
0, 0
0, 0
0, 0
0, 0
0, 0
0, 0
0, 0
0, 0
0, 0
0, 0
0, 0
0, 0
0, 0
0, 0
0, 0
0, 0
0, 0
0, 0
0, 0
0, 0
0, 0
0, 0
0, 0
0, 0
0, 0
0, 0
0, 0
0, 0
0, 0
0, 0
0, 0
0, 0
0, 0
0, 0
0, 0
0, 0
0, 0
0, 0
0, 0
0, 0
0, 0
0, 0
0, 0
0, 0
0, 0
0, 0
0, 0
0, 0
0, 0
0, 0
0, 0
0, 0
0, 0
0, 0
0, 0
0, 0
0, 0
0, 0
0, 0
0, 0
0, 0
0, 0
0, 0
0, 0
0, 0
0, 0
0, 0
0, 0
0, 0
0, 0
0, 0
0, 0
0, 0
0, 0
0, 0
0, 0
0, 0
0, 0
0, 0
0, 0
0, 0
0, 0
0, 0
0, 0
0, 0
0, 0
0, 0
0, 0
0, 0
0, 0
0, 0
0, 0
0, 0
0, 0
0, 0
0, 0
0, 0
0, 0
0, 0
0, 0
0, 0
0, 0
0, 0
0, 0
0, 0
0, 0
0, 0
0, 0
0, 0
0, 0
0, 0
0, 0
0, 0
0, 0
0, 0
0, 0
0, 0
0, 0
0, 0
0, 0
0, 0
0, 0
0, 0
0, 0
0, 0
0, 0
0, 0
0, 0
0, 0
0, 0
0, 0
0, 0
0, 0
0, 0
0, 0
0, 0
0, 0
0, 0
0, 0
0, 0
0, 0
0, 0
0, 0
0, 0
0, 0
0, 0
0, 0
0, 0
0, 0
0, 0
0, 0
0, 0
0, 0
0, 0
0, 0
0, 0
0, 0
0, 0
0, 0
0, 0
0, 0
0, 0
0, 0
0, 0
0, 0
0, 0
0, 0
0, 0
0, 0
0, 0
0, 0
0, 0
0, 0
0, 0
0, 0
0, 0
0, 0
0, 0
0, 0
0, 0
0, 0
0, 0
0, 0
0, 0
0, 0
0, 0
0, 0
0, 0
0, 0
0, 0
0, 0
0, 0
0, 0
0, 0
0, 0
0, 0
0, 0
0, 0
0, 0
0, 0
0, 0
0, 0
0, 0
0, 0
0, 0
0, 0
0, 0
0, 0
0, 0
0, 0
0, 0
0, 0
0, 0
0, 0
0, 0
0, 0
0, 0
0, 0
0, 0
0, 0
0, 0
0, 0
0, 0
0, 0
0, 0
0, 0
0, 0
0, 0
0, 0
0, 0
0, 0
0, 0
0, 0
0, 0
0, 0
0, 0
0, 0
0, 0
0, 0
0, 0
0, 0
0, 0
0, 0
0, 0
0, 0
0, 0
0, 0
0, 0
0, 0
0, 0
0, 0
0, 0
0, 0
0, 0
0, 0
0, 0
0, 0
0, 0
0, 0
0, 0
0, 0
0, 0
0, 0
0, 0
0, 0
0, 0
0, 0
0, 0
0, 0
0, 0
0, 0
0, 0
0, 0
0, 0
0, 0
0, 0
0, 0
0, 0
0, 0
0, 0
0, 0
0, 0
0, 0
0, 0
0, 0
0, 0
0, 0
0, 0
0, 0
0, 0
0, 0
0, 0
0, 0
0, 0
0, 0
0, 0
0, 0
0, 0
0, 0
0, 0
0, 0
0, 0
0, 0
0, 0
0, 0
0, 0
0, 0
0, 0
0, 0
0, 0
0, 0
0, 0
0, 0
0, 0
0, 0
0, 0
0, 0
0, 0
0, 0
0, 0
0, 0
0, 0
0, 0
0, 0
0, 0
0, 0
0, 0
0, 0
0, 0
0, 0
0, 0
0, 0
0, 0
0, 0
0, 0
0, 0
0, 0
0, 0
0, 0
0, 0
0, 0
0, 0
0, 0
0, 0
0, 0
0, 0
0, 0
0, 0
0, 0
0, 0
0, 0
0, 0
0, 0
0, 0
0, 0
0, 0
0, 0
0, 0
0, 0
0, 0
0, 0
0, 0
0, 0
0, 0
0, 0
0, 0
0, 0
0, 0
0, 0
0, 0
0, 0
0, 0
0, 0
0, 0
0, 0
0, 0
0, 0
0, 0
0, 0
0, 0
0, 0
0, 0
0, 0
0, 0
0, 0
0, 0
0, 0
0, 0
0, 0
0, 0
0, 0
0, 0
0, 0
0, 0
0, 0
0, 0
0, 0
0, 0
0, 0
0, 0
0, 0
0, 0
0, 0
0, 0
0, 0
0, 0
0, 0
0, 0
0, 0
0, 0
0, 0
0, 0
0, 0
0, 0
0, 0
0, 0
0, 0
0, 0
0, 0
0, 0
0, 0
0, 0
0, 0
0, 0
0, 0
0, 0
0, 0
0, 0
0, 0
0, 0
0, 0
0, 0
0, 0
0, 0
0, 0
0, 0
0, 0
0, 0
0, 0
0, 0
0, 0
0, 0
0, 0
0, 0
0, 0
0, 0
0, 0
0, 0
0, 0
0, 0
0, 0
0, 0
0, 0
0, 0
0, 0
0, 0
0, 0
0, 0
0, 0
0, 0
0, 0
0, 0
0, 0
0, 0
0, 0
0, 0
0, 0
0, 0
0, 0
0, 0
0, 0
0, 0
0, 0
0, 0
0, 0
0, 0
0, 0
0, 0
0, 0
0, 0
0, 0
0, 0
0, 0
0, 0
0, 0
0, 0
0, 0
0, 0
0, 0
0, 0
0, 0
0, 0
0, 0
0, 0
0, 0
0, 0
0, 0
0, 0
0, 0
0, 0
0, 0
0, 0
0, 0
0, 0
0, 0
0, 0
0, 0
0, 0
0, 0
0, 0
0, 0
0, 0
0, 0
0, 0
0, 0
0, 0
0, 0
0, 0
0, 0
0, 0
0, 0
0, 0
0, 0
0, 0
0, 0
0, 0
0, 0
0, 0
0, 0
0, 0
0, 0
0, 0
0, 0
0, 0
0, 0
0, 0
0, 0
0, 0
0, 0
0, 0
0, 0
0, 0
0, 0
0, 0
0, 0
0, 0
0, 0
0, 0
0, 0
0, 0
0, 0
0, 0
0, 0
0, 0
0, 0
0, 0
0, 0
0, 0
0, 0
0, 0
0, 0
0, 0
0, 0
0, 0
0, 0
0, 0
0, 0
0, 0
0, 0
0, 0
0, 0
0, 0
0, 0
0, 0
0, 0
0, 0
0, 0
0, 0
0, 0
0, 0
0, 0
0, 0
0, 0
0, 0
0, 0
0, 0
0, 0
0, 0
0, 0
0, 0
0, 0
0, 0
0, 0
0, 0
0, 0
0, 0
0, 0
0, 0
0, 0
0, 0
0, 0
0, 0
0, 0
0, 0
0, 0
0, 0
0, 0
0, 0
0, 0
0, 0
0, 0
0, 0
0, 0
0, 0
0, 0
0, 0
0, 0
0, 0
0, 0
0, 0
0, 0
0, 0
0, 0
0, 0
0, 0
0, 0
0, 0
0, 0
0, 0
0, 0
0, 0
0, 0
0, 0
0, 0
0, 0
0, 0
0, 0
0, 0
0, 0
0, 0
0, 0
0, 0
0, 0
0, 0
0, 0
0, 0
0, 0
0, 0
0, 0
0, 0
0, 0
0, 0
0, 0
0, 0
0, 0
0, 0
0, 0
0, 0
0, 0
0, 0
0, 0
0, 0
0, 0
0, 0
0, 0
0, 0
0, 0
0, 0
0, 0
0, 0
0, 0
0, 0
0, 0
0, 0
0, 0
0, 0
0, 0
0, 0
0, 0
0, 0
0, 0
0, 0
0, 0
0, 0
0, 0
0, 0
0, 0
0, 0
0, 0
0, 0
0, 0
0, 0
0, 0
0, 0
0, 0
0, 0
0, 0
0, 0
0, 0
0, 0
0, 0
0, 0
0, 0
0, 0
0, 0
0, 0
0, 0
0, 0
0, 0
0, 0
0, 0
0, 0
0, 0
0, 0
0, 0
0, 0
0, 0
0, 0
0, 0
0, 0
0, 0
0, 0
0, 0
0, 0
0, 0
0, 0
0, 0
0, 0
0, 0
0, 0
0, 0
0, 0
0, 0
0, 0
0, 0
0, 0
0, 0
0, 0
0, 0
0, 0
0, 0
0, 0
0, 0
0, 0
0, 0
0, 0
0, 0
0, 0
0, 0
0, 0
0, 0
0, 0
0, 0
0, 0
0, 0
0, 0
0, 0
0, 0
0, 0
0, 0
0, 0
0, 0
0, 0
0, 0
0, 0
0, 0
0, 0
0, 0
0, 0
0, 0
0, 0
0, 0
0, 0
0, 0
0, 0
0, 0
0, 0
0, 0
0, 0
0, 0
0, 0
0, 0
0, 0
0, 0
0, 0
0, 0
0, 0
0, 0
0, 0
0, 0
0, 0
0, 0
0, 0
0, 0
0, 0
0, 0
0, 0
0, 0
0, 0
0, 0
0, 0
0, 0
0, 0
0, 0
0, 0
0, 0
0, 0
0, 0
0, 0
0, 0
0, 0
0, 0
0, 0
0, 0
0, 0
0, 0
0, 0
0, 0
0, 0
0, 0
0, 0
0, 0
0, 0
0, 0
0, 0
0, 0
0, 0
0, 0
0, 0
0, 0
0, 0
0, 0
0, 0
0, 0
0, 0
0, 0
0, 0
0, 0
0, 0
0, 0
0, 0
0, 0
0, 0
0, 0
0, 0
0, 0
0, 0
0, 0
0, 0
0, 0
0, 0
0, 0
0, 0
0, 0
0, 0
0, 0
0, 0
0, 0
0, 0
0, 0
0, 0
0, 0
0, 0
0, 0
0, 0
0, 0
0, 0
0, 0
0, 0
0, 0
0, 0
0, 0
0, 0
0, 0
0, 0
0, 0
0, 0
0, 0
0, 0
0, 0
0, 0
0, 0
0, 0
0, 0
0, 0
0, 0
0, 0
0, 0
0, 0
0, 0
0, 0
0, 0
0, 0
0, 0
0, 0
0, 0
0, 0
0, 0
0, 0
0, 0
0, 0
0, 0
0, 0
0, 0
0, 0
0, 0
0, 0
0, 0
0, 0
0, 0
0, 0
0, 0
0, 0
0, 0
0, 0
0, 0
0, 0
0, 0
0, 0
0, 0
0, 0
0, 0
0, 0
0, 0
0, 0
0, 0
0, 0
0, 0
0, 0
0, 0
0, 0
0, 0
0, 0
0, 0
0, 0
0, 0
0, 0
0, 0
0, 0
0, 0
0, 0
0, 0
0, 0
0, 0
0, 0
0, 0
0, 0
0, 0
0, 0
0, 0
0, 0
0, 0
0, 0
0, 0
0, 0
0, 0
0, 0
0, 0
0, 0
0, 0
0, 0
0, 0
0, 0
0, 0
0, 0
0, 0
0, 0
0, 0
0, 0
0, 0
0, 0
0, 0
0, 0
0, 0
0, 0
0, 0
0, 0
0, 0
0, 0
0, 0
0, 0
0, 0
0, 0
0, 0
0, 0
0, 0
0, 0
0, 0
0, 0
0, 0
0, 0
0, 0
0, 0
0, 0
0, 0
0, 0
0, 0
0, 0
0, 0
0, 0
0, 0
0, 0
0, 0
0, 0
0, 0
0, 0
0, 0
0, 0
0, 0
0, 0
0, 0
0, 0
0, 0
0, 0
0, 0
0, 0
0, 0
0, 0
0, 0
0, 0
0, 0
0, 0
0, 0
0, 0
0, 0
0, 0
0, 0
0, 0
0, 0
0, 0
0, 0
0, 0
0, 0
0, 0
0, 0
0, 0
0, 0
0, 0
0, 0
0, 0
0, 0
0, 0
0, 0
0, 0
0, 0
0, 0
0, 0
0, 0
0, 0
0, 0
0, 0
0, 0
0, 0
0, 0
0, 0
0, 0
0, 0
0, 0
0, 0
0, 0
0, 0
0, 0
0, 0
0, 0
0, 0
0, 0
0, 0
0, 0
0, 0
0, 0
0, 0
0, 0
0, 0
0, 0
0, 0
0, 0
0, 0
0, 0
0, 0
0, 0
0, 0
0, 0
0, 0
0, 0
0, 0
0, 0
0, 0
0, 0
0, 0
0, 0
0, 0
0, 0
0, 0
0, 0
0, 0
0, 0
0, 0
0, 0
0, 0
0, 0
0, 0
0, 0
0, 0
0, 0
0, 0
0, 0
0, 0
0, 0
0, 0
0, 0
0, 0
0, 0
0, 0
0, 0
0, 0
0, 0
0, 0
0, 0
0, 0
0, 0
0, 0
0, 0
0, 0
0, 0
0, 0
0, 0
0, 0
0, 0
0, 0
0, 0
0, 0
0, 0
0, 0
0, 0
0, 0
0, 0
0, 0
0, 0
0, 0
0, 0
0, 0
0, 0
0, 0
0, 0
0, 0
0, 0
0, 0
0, 0
0, 0
0, 0
0, 0
0, 0
0, 0
0, 0
0, 0
0, 0
0, 0
0, 0
0, 0
0, 0
0, 0
0, 0
0, 0
0, 0
0, 0
0, 0
0, 0
0, 0
0, 0
0, 0
0, 0
0, 0
0, 0
0, 0
0, 0
0, 0
0, 0
0, 0
0, 0
0, 0
0, 0
0, 0
0, 0
0, 0
0, 0
0, 0
0, 0
0, 0
0, 0
0, 0
0, 0
0, 0
0, 0
0, 0
0, 0
0, 0
0, 0
0, 0
0, 0
0, 0
0, 0
0, 0
0, 0
0, 0
0, 0
0, 0
0, 0
0, 0
0, 0
0, 0
0, 0
0, 0
0, 0
0, 0
0, 0
0, 0
0, 0
0, 0
0, 0
0, 0
0, 0
0, 0
0, 0
0, 0
0, 0
0, 0
0, 0
0, 0
0, 0
0, 0
0, 0
0, 0
0, 0
0, 0
0, 0
0, 0
0, 0
0, 0
0, 0
0, 0
0, 0
0, 0
0, 0
0, 0
0, 0
0, 0
0, 0
0, 0
0, 0
0, 0
0, 0
0, 0
0, 0
0, 0
0, 0
0, 0
0, 0
0, 0
0, 0
0, 0
0, 0
0, 0
0, 0
0, 0
0, 0
0, 0
0, 0
0, 0
0, 0
0, 0
0, 0
0, 0
0, 0
0, 0
0, 0
0, 0
0, 0
0, 0
0, 0
0, 0
0, 0
0, 0
0, 0
0, 0
0, 0
0, 0
0, 0
0, 0
0, 0
0, 0
0, 0
0, 0
0, 0
0, 0
0, 0
0, 0
0, 0
0, 0
0, 0
0, 0
0, 0
0, 0
0, 0
0, 0
0, 0
0, 0
0, 0
0, 0
0, 0
0, 0
0, 0
0, 0
0, 0
0, 0
0, 0
0, 0
0, 0
0, 0
0, 0
0, 0
0, 0
0, 0
0, 0
0, 0
0, 0
0, 0
0, 0
0, 0
0, 0
0, 0
0, 0
0, 0
0, 0
0, 0
0, 0
0, 0
0, 0
0, 0
0, 0
0, 0
0, 0
0, 0
0, 0
0, 0
0, 0
0, 0
0, 0
0, 0
0, 0
0, 0
0, 0
0, 0
0, 0
0, 0
0, 0
0, 0
0, 0
0, 0
0, 0
0, 0
0, 0
0, 0
0, 0
0, 0
0, 0
0, 0
0, 0
0, 0
0, 0
0, 0
0, 0
0, 0
0, 0
0, 0
0, 0
0, 0
0, 0
0, 0
0, 0
0, 0
0, 0
0, 0
0, 0
0, 0
0, 0
0, 0
0, 0
0, 0
0, 0
0, 0
0, 0
0, 0
0, 0
0, 0
0, 0
0, 0
0, 0
0, 0
0, 0
0, 0
0, 0
0, 0
0, 0
0, 0
0, 0
0, 0
0, 0
0, 0
0, 0
0, 0
0, 0
0, 0
0, 0
0, 0
0, 0
0, 0
0, 0
0, 0
0, 0
0, 0
0, 0
0, 0
0, 0
0, 0
0, 0
0, 0
0, 0
0, 0
0, 0
0, 0
0, 0
0, 0
0, 0
0, 0
0, 0
0, 0
0, 0
0, 0
0, 0
0, 0
0, 0
0, 0
0, 0
0, 0
0, 0
0, 0
0, 0
0, 0
0, 0
0, 0
0, 0
0, 0
0, 0
0, 0
0, 0
0, 0
0, 0
0, 0
0, 0
0, 0
0, 0
0, 0
0, 0
0, 0
0, 0
0, 0
0, 0
0, 0
0, 0
0, 0
0, 0
0, 0
0, 0
0, 0
0, 0
0, 0
0, 0
0, 0
0, 0
0, 0
0, 0
0, 0
0, 0
0, 0
0, 0
0, 0
0, 0
0, 0
0, 0
0, 0
0, 0
0, 0
0, 0
0, 0
0, 0
0, 0
0, 0
0, 0
0, 0
0, 0
0, 0
0, 0
0, 0
0, 0
0, 0
0, 0
0, 0
0, 0
0, 0
0, 0
0, 0
0, 0
0, 0
0, 0
0, 0
0, 0
0, 0
0, 0
0, 0
0, 0
0, 0
0, 0
0, 0
0, 0
0, 0
0, 0
0, 0
0, 0
0, 0
0, 0
0, 0
0, 0
0, 0
0, 0
0, 0
0, 0
0, 0
0, 0
0, 0
0, 0
0, 0
0, 0
0, 0
0, 0
0, 0
0, 0
0, 0
0, 0
0, 0
0, 0
0, 0
0, 0
0, 0
0, 0
0, 0
0, 0
0, 0
0, 0
0, 0
0, 0
0, 0
0, 0
0, 0
0, 0
0, 0
0, 0
0, 0
0, 0
0, 0
0, 0
0, 0
0, 0
0, 0
0, 0
0, 0
0, 0
0, 0
0, 0
0, 0
0, 0
0, 0
0, 0
0, 0
0, 0
0, 0
0, 0
0, 0
0, 0
0, 0
0, 0
0, 0
0, 0
0, 0
0, 0
0, 0
0, 0
0, 0
0, 0
0, 0
0, 0
0, 0
0, 0
0, 0
0, 0
0, 0
0, 0
0, 0
0, 0
0, 0
0, 0
0, 0
0, 0
0, 0
0, 0
0, 0
0, 0
0, 0
0, 0
0, 0
0, 0
0, 0
0, 0
0, 0
0, 0
0, 0
0, 0
0, 0
0, 0
0, 0
0, 0
0, 0
0, 0
0, 0
0, 0
0, 0
0, 0
0, 0
0, 0
0, 0
0, 0
0, 0
0, 0
0, 0
0, 0
0, 0
0, 0
0, 0
0, 0
0, 0
0, 0
0, 0
0, 0
0, 0
0, 0
0, 0
0, 0
0, 0
0, 0
0, 0
0, 0
0, 0
0, 0
0, 0
0, 0
0, 0
0, 0
0, 0
0, 0
0, 0
0, 0
0, 0
0, 0
0, 0
0, 0
0, 0
0, 0
0, 0
0, 0
0, 0
0, 0
0, 0
0, 0
0, 0
0, 0
0, 0
0, 0
0, 0
0, 0
0, 0
0, 0
0, 0
0, 0
0, 0
0, 0
0, 0
0, 0
0, 0
0, 0
0, 0
0, 0
0, 0
0, 0
0, 0
0, 0
0, 0
0, 0
0, 0
0, 0
0, 0
0, 0
0, 0
0, 0
0, 0
0, 0
0, 0
0, 0
0, 0
0, 0
0, 0
0, 0
0, 0
0, 0
0, 0
0, 0
0, 0
0, 0
0, 0
0, 0
0, 0
0, 0
0, 0
0, 0
0, 0
0, 0
0, 0
0, 0
0, 0
0, 0
0, 0
0, 0
0, 0
0, 0
0, 0
0, 0
0, 0
0, 0
0, 0
0, 0
0, 0
0, 0
0, 0
0, 0
0, 0
0, 0
0, 0
0, 0
0, 0
0, 0
0, 0
0, 0
0, 0
0, 0
0, 0
0, 0
0, 0
0, 0
0, 0
0, 0
0, 0
0, 0
0, 0
0, 0
0, 0
0, 0
0, 0
0, 0
0, 0
0, 0
0, 0
0, 0
0, 0
0, 0
0, 0
0, 0
0, 0
0, 0
0, 0
0, 0
0, 0
0, 0
0, 0
0, 0
0, 0
0, 0
0, 0
0, 0
0, 0
0, 0
0, 0
0, 0
0, 0
0, 0
0, 0
0, 0
0, 0
0, 0
0, 0
0, 0
0, 0
0, 0
0, 0
0, 0
0, 0
0, 0
0, 0
0, 0
0, 0
0, 0
0, 0
0, 0
0, 0
0, 0
0, 0
0, 0
0, 0
0, 0
0, 0
0, 0
0, 0
0, 0
0, 0
0, 0
0, 0
0, 0
0, 0
0, 0
0, 0
0, 0
0, 0
0, 0
0, 0
0, 0
0, 0
0, 0
0, 0
0, 0
0, 0
0, 0
0, 0
0, 0
0, 0
0, 0
0, 0
0, 0
0, 0
0, 0
0, 0
0, 0
0, 0
0, 0
0, 0
0, 0
0, 0
0, 0
0, 0
0, 0
0, 0
0, 0
0, 0
0, 0
0, 0
0, 0
0, 0
0, 0
0, 0
0, 0
0, 0
0, 0
0, 0
0, 0
0, 0
0, 0
0, 0
0, 0
0, 0
0, 0
0, 0
0, 0
0, 0
0, 0
0, 0
0, 0
0, 0
0, 0
0, 0
0, 0
0, 0
0, 0
0, 0
0, 0
0, 0
0, 0
0, 0
0, 0
0, 0
0, 0
0, 0
0, 0
0, 0
0, 0
0, 0
0, 0
0, 0
0, 0
0, 0
0, 0
0, 0
0, 0
0, 0
0, 0
0, 0
0, 0
0, 0
0, 0
0, 0
0, 0
0, 0
0, 0
0, 0
0, 0
0, 0
0, 0
0, 0
0, 0
0, 0
0, 0
0, 0
0, 0
0, 0
0, 0
0, 0
0, 0
0, 0
0, 0
0, 0
0, 0
0, 0
0, 0
0, 0
0, 0
0, 0
0, 0
0, 0
0, 0
0, 0
0, 0
0, 0
0, 0
0, 0
0, 0
0, 0
0, 0
0, 0
0, 0
0, 0
0, 0
0, 0
0, 0
0, 0
0, 0
0, 0
0, 0
0, 0
0, 0
0, 0
0, 0
0, 0
0, 0
0, 0
0, 0
0, 0
0, 0
0, 0
0, 0
0, 0
0, 0
0, 0
0, 0
0, 0
0, 0
0, 0
0, 0
0, 0
0, 0
0, 0
0, 0
0, 0
0, 0
0, 0
0, 0
0, 0
0, 0
0, 0
0, 0
0, 0
0, 0
0, 0
0, 0
0, 0
0, 0
0, 0
0, 0
0, 0
0, 0
0, 0
0, 0
0, 0
0, 0
0, 0
0, 0
0, 0
0, 0
0, 0
0, 0
0, 0
0, 0
0, 0
0, 0
0, 0
0, 0
0, 0
0, 0
0, 0
0, 0
0, 0
0, 0
0, 0
0, 0
0, 0
0, 0
0, 0
0, 0
0, 0
0, 0
0, 0
0, 0
0, 0
0, 0
0, 0
0, 0
0, 0
0, 0
0, 0
0, 0
0, 0
0, 0
0, 0
0, 0
0, 0
0, 0
0, 0
0, 0
0, 0
0, 0
0, 0
0, 0
0, 0
0, 0
0, 0
0, 0
0, 0
0, 0
0, 0
0, 0
0, 0
0, 0
0, 0
0, 0
0, 0
0, 0
0, 0
0, 0
0, 0
0, 0
0, 0
0, 0
0, 0
0, 0
0, 0
0, 0
0, 0
0, 0
0, 0
0, 0
0, 0
0, 0
0, 0
0, 0
0, 0
0, 0
0, 0
0, 0
0, 0
0, 0
0, 0
0, 0
0, 0
0, 0
0, 0
0, 0
0, 0
0, 0
0, 0
0, 0
0, 0
0, 0
0, 0
0, 0
0, 0
0, 0
0, 0
0, 0
0, 0
0, 0
0, 0
0, 0
0, 0
0, 0
0, 0
0, 0
0, 0
0, 0
0, 0
0, 0
0, 0
0, 0
0, 0
0, 0
0, 0
0, 0
0, 0
0, 0
0, 0
0, 0
0, 0
0, 0
0, 0
0, 0
0, 0
0, 0
0, 0
0, 0
0, 0
0, 0
0, 0
0, 0
0, 0
0, 0
0, 0
0, 0
0, 0
0, 0
0, 0
0, 0
0, 0
0, 0
0, 0
0, 0
0, 0
0, 0
0, 0
0, 0
0, 0
0, 0
0, 0
0, 0
0, 0
0, 0
0, 0
0, 0
0, 0
0, 0
0, 0
0, 0
0, 0
0, 0
0, 0
0, 0
0, 0
0, 0
0, 0
0, 0
0, 0
0, 0
0, 0
0, 0
0, 0
0, 0
0, 0
0, 0
0, 0
0, 0
0, 0
0, 0
0, 0
0, 0
0, 0
0, 0
0, 0
0, 0
0, 0
0, 0
0, 0
0, 0
0, 0
0, 0
0, 0
0, 0
0, 0
0, 0
0, 0
0, 0
0, 0
0, 0
0, 0
0, 0
0, 0
0, 0
0, 0
0, 0
0, 0
0, 0
0, 0
0, 0
0, 0
0, 0
0, 0
0, 0
0, 0
0, 0
0, 0
0, 0
0, 0
0, 0
0, 0
0, 0
0, 0
0, 0
0, 0
0, 0
0, 0
0, 0
0, 0
0, 0
0, 0
0, 0
0, 0
0, 0
0, 0
0, 0
0, 0
0, 0
0, 0
0, 0
0, 0
0, 0
0, 0
0, 0
0, 0
0, 0
0, 0
0, 0
0, 0
0, 0
0, 0
0, 0
0, 0
0, 0
0, 0
0, 0
0, 0
0, 0
0, 0
0, 0
0, 0
0, 0
0, 0
0, 0
0, 0
0, 0
0, 0
0, 0
0, 0
0, 0
0, 0
0, 0
0, 0
0, 0
0, 0
0, 0
0, 0
0, 0
0, 0
0, 0
0, 0
0, 0
0, 0
0, 0
0, 0
0, 0
0, 0
0, 0
0, 0
0, 0
0, 0
0, 0
0, 0
0, 0
0, 0
0, 0
0, 0
0, 0
0, 0
0, 0
0, 0
0, 0
0, 0
0, 0
0, 0
0, 0
0, 0
0, 0
0, 0
0, 0
0, 0
0, 0
0, 0
0, 0
0, 0
0, 0
0, 0
0, 0
0, 0
0, 0
0, 0
0, 0
0, 0
0, 0
0, 0
0, 0
0, 0
0, 0
0, 0
0, 0
0, 0
0, 0
0, 0
0, 0
0, 0
0, 0
0, 0
0, 0
0, 0
0, 0
0, 0
0, 0
0, 0
0, 0
0, 0
0, 0
0, 0
0, 0
0, 0
0, 0
0, 0
0, 0
0, 0
0, 0
0, 0
0, 0
0, 0
0, 0
0, 0
0, 0
0, 0
0, 0
0, 0
0, 0
0, 0
0, 0
0, 0
0, 0
0, 0
0, 0
0, 0
0, 0
0, 0
0, 0
0, 0
0, 0
0, 0
0, 0
0, 0
0, 0
0, 0
0, 0
0, 0
0, 0
0, 0
0, 0
0, 0
0, 0
0, 0
0, 0
0, 0
0, 0
0, 0
0, 0
0, 0
0, 0
0, 0
0, 0
0, 0
0, 0
0, 0
0, 0
0, 0
0, 0
0, 0
0, 0
0, 0
0, 0
0, 0
0, 0
0, 0
0, 0
0, 0
0, 0
0, 0
0, 0
0, 0
0, 0
0, 0
0, 0
0, 0
0, 0
0, 0
0, 0
0, 0
0, 0
0, 0
0, 0
0, 0
0, 0
0, 0
0, 0
0, 0
0, 0
0, 0
0, 0
0, 0
0, 0
0, 0
0, 0
0, 0
0, 0
0, 0
0, 0
0, 0
0, 0
0, 0
0, 0
0, 0
0, 0
0, 0
0, 0
0, 0
0, 0
0, 0
0, 0
0, 0
0, 0
0, 0
0, 0
0, 0
0, 0
0, 0
0, 0
0, 0
0, 0
0, 0
0, 0
0, 0
0, 0
0, 0
0, 0
0, 0
0, 0
0, 0
0, 0
0, 0
0, 0
0, 0
0, 0
0, 0
0, 0
0, 0
0, 0
0, 0
0, 0
0, 0
0, 0
0, 0
0, 0
0, 0
0, 0
0, 0
0, 0
0, 0
0, 0
0, 0
0, 0
0, 0
0, 0
0, 0
0, 0
0, 0
0, 0
0, 0
0, 0
0, 0
0, 0
0, 0
0, 0
0, 0
0, 0
0, 0
0, 0
0, 0
0, 0
0, 0
0, 0
0, 0
0, 0
0, 0
0, 0
0, 0
0, 0
0, 0
0, 0
0, 0
0, 0
0, 0
0, 0
0, 0
0, 0
0, 0
0, 0
0, 0
0, 0
0, 0
0, 0
0, 0
0, 0
0, 0
0, 0
0, 0
0, 0
0, 0
0, 0
0, 0
0, 0
0, 0
0, 0
0, 0
0, 0
0, 0
0, 0
0, 0
0, 0
0, 0
0, 0
0, 0
0, 0
0, 0
0, 0
0, 0
0, 0
0, 0
0, 0
0, 0
0, 0
0, 0
0, 0
0, 0
0, 0
0, 0
0, 0
0, 0
0, 0
0, 0
0, 0
0, 0
0, 0
0, 0
0, 0
0, 0
0, 0
0, 0
0, 0
0, 0
0, 0
0, 0
0, 0
0, 0
0, 0
0, 0
0, 0
0, 0
0, 0
0, 0
0, 0
0, 0
0, 0
0, 0
0, 0
0, 0
0, 0
0, 0
0, 0
0, 0
0, 0
0, 0
0, 0
0, 0
0, 0
0, 0
0, 0
0, 0
0, 0
0, 0
0, 0
0, 0
0, 0
0, 0
0, 0
0, 0
0, 0
0, 0
0, 0
0, 0
0, 0
0, 0
0, 0
0, 0
0, 0
0, 0
0, 0
0, 0
0, 0
0, 0
0, 0
0, 0
0, 0
0, 0
0, 0
0, 0
0, 0
0, 0
0, 0
0, 0
0, 0
0, 0
0, 0
0, 0
0, 0
0, 0
0, 0
0, 0
0, 0
0, 0
0, 0
0, 0
0, 0
0, 0
0, 0
0, 0
0, 0
0, 0
0, 0
0, 0
0, 0
0, 0
0, 0
0, 0
0, 0
0, 0
0, 0
0, 0
0, 0
0, 0
0, 0
0, 0
0, 0
0, 0
0, 0
0, 0
0, 0
0, 0
0, 0
0, 0
0, 0
0, 0
0, 0
0, 0
0, 0
0, 0
0, 0
0, 0
0, 0
0, 0
0, 0
0, 0
0, 0
0, 0
0, 0
0, 0
0, 0
0, 0
0, 0
0, 0
0, 0
0, 0
0, 0
0, 0
0, 0
0, 0
0, 0
0, 0
0, 0
0, 0
0, 0
0, 0
0, 0
0, 0
0, 0
0, 0
0, 0
0, 0
0, 0
0, 0
0, 0
0, 0
0, 0
0, 0
0, 0
0, 0
0, 0
0, 0
0, 0
0, 0
0, 0
0, 0
0, 0
0, 0
0, 0
0, 0
0, 0
0, 0
0, 0
0, 0
0, 0
0, 0
0, 0
0, 0
0, 0
0, 0
0, 0
0, 0
0, 0
0, 0
0, 0
0, 0
0, 0
0, 0
0, 0
0, 0
0, 0
0, 0
0, 0
0, 0
0, 0
0, 0
0, 0
0, 0
0, 0
0, 0
0, 0
0, 0
0, 0
0, 0
0, 0
0, 0
0, 0
0, 0
0, 0
0, 0
0, 0
0, 0
0, 0
0, 0
0, 0
0, 0
0, 0
0, 0
0, 0
0, 0
0, 0
0, 0
0, 0
0, 0
0, 0
0, 0
0, 0
0, 0
0, 0
0, 0
0, 0
0, 0
0, 0
0, 0
0, 0
0, 0
0, 0
0, 0
0, 0
0, 0
0, 0
0, 0
0, 0
0, 0
0, 0
0, 0
0, 0
0, 0
0, 0
0, 0
0, 0
0, 0
0, 0
0, 0
0, 0
0, 0
0, 0
0, 0
0, 0
0, 0
0, 0
0, 0
0, 0
0, 0
0, 0
0, 0
0, 0
0, 0
0, 0
0, 0
0, 0
0, 0
0, 0
0, 0
0, 0
0, 0
0, 0
0, 0
0, 0
0, 0
0, 0
0, 0
0, 0
0, 0
0, 0
0, 0
0, 0
0, 0
0, 0
0, 0
0, 0
0, 0
0, 0
0, 0
0, 0
0, 0
0, 0
0, 0
0, 0
0, 0
0, 0
0, 0
0, 0
0, 0
0, 0
0, 0
0, 0
0, 0
0, 0
0, 0
0, 0
0, 0
0, 0
0, 0
0, 0
0, 0
0, 0
0, 0
0, 0
0, 0
0, 0
0, 0
0, 0
0, 0
0, 0
0, 0
0, 0
0, 0
0, 0
0, 0
0, 0
0, 0
0, 0
0, 0
0, 0
0, 0
0, 0
0, 0
0, 0
0, 0
0, 0
0, 0
0, 0
0, 0
0, 0
0, 0
0, 0
0, 0
0, 0
0, 0
0, 0
0, 0
0, 0
0, 0
0, 0
0, 0
0, 0
0, 0
0, 0
0, 0
0, 0
0, 0
0, 0
0, 0
0, 0
0, 0
0, 0
0, 0
0, 0
0, 0
0, 0
0, 0
0, 0
0, 0
0, 0
0, 0
0, 0
0, 0
0, 0
0, 0
0, 0
0, 0
0, 0
0, 0
0, 0
0, 0
0, 0
0, 0
0, 0
0, 0
0, 0
0, 0
0, 0
0, 0
0, 0
0, 0
0, 0
0, 0
0, 0
0, 0
0, 0
0, 0
0, 0
0, 0
0, 0
0, 0
0, 0
0, 0
0, 0
0, 0
0, 0
0, 0
0, 0
0, 0
0, 0
0, 0
0, 0
0, 0
0, 0
0, 0
0, 0
0, 0
0, 0
0, 0
0, 0
0, 0
0, 0
0, 0
0, 0
0, 0
0, 0
0, 0
0, 0
0, 0
0, 0
0, 0
0, 0
0, 0
0, 0
0, 0
0, 0
0, 0
0, 0
0, 0
0, 0
0, 0
0, 0
0, 0
0, 0
0, 0
0, 0
0, 0
0, 0
0, 0
0, 0
0, 0
0, 0
0, 0
0, 0
0, 0
0, 0
0, 0
0, 0
0, 0
0, 0
0, 0
0, 0
0, 0
0, 0
0, 0
0, 0
0, 0
0, 0
0, 0
0, 0
0, 0
0, 0
0, 0
0, 0
0, 0
0, 0
0, 0
0, 0
0, 0
0, 0
0, 0
0, 0
0, 0
0, 0
0, 0
0, 0
0, 0
0, 0
0, 0
0, 0
0, 0
0, 0
0, 0
0, 0
0, 0
0, 0
0, 0
0, 0
0, 0
0, 0
0, 0
0, 0
0, 0
0, 0
0, 0
0, 0
0, 0
0, 0
0, 0
0, 0
0, 0
0, 0
0, 0
0, 0
0, 0
0, 0
0, 0
0, 0
0, 0
0, 0
0, 0
0, 0
0, 0
0, 0
0, 0
0, 0
0, 0
0, 0
0, 0
0, 0
0, 0
0, 0
0, 0
0, 0
0, 0
0, 0
0, 0
0, 0
0, 0
0, 0
0, 0
0, 0
0, 0
0, 0
0, 0
0, 0
0, 0
0, 0
0, 0
0, 0
0, 0
0, 0
0, 0
0, 0
0, 0
0, 0
0, 0
0, 0
0, 0
0, 0
0, 0
0, 0
0, 0
0, 0
0, 0
0, 0
0, 0
0, 0
0, 0
0, 0
0, 0
0, 0
0, 0
0, 0
0, 0
0, 0
0, 0
0, 0
0, 0
0, 0
0, 0
0, 0
0, 0
0, 0
0, 0
0, 0
0, 0
0, 0
0, 0
0, 0
0, 0
0, 0
0, 0
0, 0
0, 0
0, 0
0, 0
0, 0
0, 0
0, 0
0, 0
0, 0
0, 0
0, 0
0, 0
0, 0
0, 0
0, 0
0, 0
0, 0
0, 0
0, 0
0, 0
0, 0
0, 0
0, 0
0, 0
0, 0
0, 0
0, 0
0, 0
0, 0
0, 0
0, 0
0, 0
0, 0
0, 0
0, 0
0, 0
0, 0
0, 0
0, 0
0, 0
0, 0
0, 0
0, 0
0, 0
0, 0
0, 0
0, 0
0, 0
0, 0
0, 0
0, 0
0, 0
0, 0
0, 0
0, 0
0, 0
0, 0
0, 0
0, 0
0, 0
0, 0
0, 0
0, 0
0, 0
0, 0
0, 0
0, 0
0, 0
0, 0
0, 0
0, 0
0, 0
0, 0
0, 0
0, 0
0, 0
0, 0
0, 0
0, 0
0, 0
0, 0
0, 0
0, 0
0, 0
0, 0
0, 0
0, 0
0, 0
0, 0
0, 0
0, 0
0, 0
0, 0
0, 0
0, 0
0, 0
0, 0
0, 0
0, 0
0, 0
0, 0
0, 0
0, 0
0, 0
0, 0
0, 0
0, 0
0, 0
0, 0
0, 0
0, 0
0, 0
0, 0
0, 0
0, 0
0, 0
0, 0
0, 0
0, 0
0, 0
0, 0
0, 0
0, 0
0, 0
0, 0
0, 0
0, 0
0, 0
0, 0
0, 0
0, 0
0, 0
0, 0
0, 0
0, 0
0, 0
0, 0
0, 0
0, 0
0, 0
0, 0
0, 0
0, 0
0, 0
0, 0
0, 0
0, 0
0, 0
0, 0
0, 0
0, 0
0, 0
0, 0
0, 0
0, 0
0, 0
0, 0
0, 0
0, 0
0, 0
0, 0
0, 0
0, 0
0, 0
0, 0
0, 0
0, 0
0, 0
0, 0
0, 0
0, 0
0, 0
0, 0
0, 0
0, 0
0, 0
0, 0
0, 0
0, 0
0, 0
0, 0
0, 0
0, 0
0, 0
0, 0
0, 0
0, 0
0, 0
0, 0
0, 0
0, 0
0, 0
0, 0
0, 0
0, 0
0, 0
0, 0
0, 0
0, 0
0, 0
0, 0
0, 0
0, 0
0, 0
0, 0
0, 0
0, 0
0, 0
0, 0
0, 0
0, 0
0, 0
0, 0
0, 0
0, 0
0, 0
0, 0
0, 0
0, 0
0, 0
0, 0
0, 0
0, 0
0, 0
0, 0
0, 0
0, 0
0, 0
0, 0
0, 0
0, 0
0, 0
0, 0
0, 0
0, 0
0, 0
0, 0
0, 0
0, 0
0, 0
0, 0
0, 0
0, 0
0, 0
0, 0
0, 0
0, 0
0, 0
0, 0
0, 0
0, 0
0, 0
0, 0
0, 0
0, 0
0, 0
0, 0
0, 0
0, 0
0, 0
0, 0
0, 0
0, 0
0, 0
0, 0
0, 0
0, 0
0, 0
0, 0
0, 0
0, 0
0, 0
0, 0
0, 0
0, 0
0, 0
0, 0
0, 0
0, 0
0, 0
0, 0
0, 0
0, 0
0, 0
0, 0
0, 0
0, 0
0, 0
0, 0
0, 0
0, 0
0, 0
0, 0
0, 0
0, 0
0, 0
0, 0
0, 0
0, 0
0, 0
0, 0
0, 0
0, 0
0, 0
0, 0
0, 0
0, 0
0, 0
0, 0
0, 0
0, 0
0, 0
0, 0
0, 0
0, 0
0, 0
0, 0
0, 0
0, 0
0, 0
0, 0
0, 0
0, 0
0, 0
0, 0
0, 0
0, 0
0, 0
0, 0
0, 0
0, 0
0, 0
0, 0
0, 0
0, 0
0, 0
0, 0
0, 0
0, 0
0, 0
0, 0
0, 0
0, 0
0, 0
0, 0
0, 0
0, 0
0, 0
0, 0
0, 0
0, 0
0, 0
0, 0
0, 0
0, 0
0, 0
0, 0
0, 0
0, 0
0, 0
0, 0
0, 0
0, 0
0, 0
0, 0
0, 0
0, 0
0, 0
0, 0
0, 0
0, 0
0, 0
0, 0
0, 0
0, 0
0, 0
0, 0
0, 0
0, 0
0, 0
0, 0
0, 0
0, 0
0, 0
0, 0
0, 0
0, 0
0, 0
0, 0
0, 0
0, 0
0, 0
0, 0
0, 0
0, 0
0, 0
0, 0
0, 0
0, 0
0, 0
0, 0
0, 0
0, 0
0, 0
0, 0
0, 0
0, 0
0, 0
0, 0
0, 0
0, 0
0, 0
0, 0
0, 0
0, 0
0, 0
0, 0
0, 0
0, 0
0, 0
0, 0
0, 0
0, 0
0, 0
0, 0
0, 0
0, 0
0, 0
0, 0
0, 0
0, 0
0, 0
0, 0
0, 0
0, 0
0, 0
0, 0
0, 0
0, 0
0, 0
0, 0
0, 0
0, 0
0, 0
0, 0
0, 0
0, 0
0, 0
0, 0
0, 0
0, 0
0, 0
0, 0
0, 0
0, 0
0, 0
0, 0
0, 0
0, 0
0, 0
0, 0
0, 0
0, 0
0, 0
0, 0
0, 0
0, 0
0, 0
0, 0
0, 0
0, 0
0, 0
0, 0
0, 0
0, 0
0, 0
0, 0
0, 0
0, 0
0, 0
0, 0
0, 0
0, 0
0, 0
0, 0
0, 0
0, 0
0, 0
0, 0
0, 0
0, 0
0, 0
0, 0
0, 0
0, 0
0, 0
0, 0
0, 0
0, 0
0, 0
0, 0
0, 0
0, 0
0, 0
0, 0
0, 0
0, 0
0, 0
0, 0
0, 0
0, 0
0, 0
0, 0
0, 0
0, 0
0, 0
0, 0
0, 0
0, 0
0, 0
0, 0
0, 0
0, 0
0, 0
0, 0
0, 0
0, 0
0, 0
0, 0
0, 0
0, 0
0, 0
0, 0
0, 0
0, 0
0, 0
0, 0
0, 0
0, 0
0, 0
0, 0
0, 0
0, 0
0, 0
0, 0
0, 0
0, 0
0, 0
0, 0
0, 0
0, 0
0, 0
0, 0
0, 0
0, 0
0, 0
0, 0
0, 0
0, 0
0, 0
0, 0
0, 0
0, 0
0, 0
0, 0
0, 0
0, 0
0, 0
0, 0
0, 0
0, 0
0, 0
0, 0
0, 0
0, 0
0, 0
0, 0
0, 0
0, 0
0, 0
0, 0
0, 0
0, 0
0, 0
0, 0
0, 0
0, 0
0, 0
0, 0
0, 0
0, 0
0, 0
0, 0
0, 0
0, 0
0, 0
0, 0
0, 0
0, 0
0, 0
0, 0
0, 0
0, 0
0, 0
0, 0
0, 0
0, 0
0, 0
0, 0
0, 0
0, 0
0, 0
0, 0
0, 0
0, 0
0, 0
0, 0
0, 0
0, 0
0, 0
0, 0
0, 0
0, 0
0, 0
0, 0
0, 0
0, 0
0, 0
0, 0
0, 0
0, 0
0, 0
0, 0
0, 0
0, 0
0, 0
0, 0
0, 0
0, 0
0, 0
0, 0
0, 0
0, 0
0, 0
0, 0
0, 0
0, 0
0, 0
0, 0
0, 0
0, 0
0, 0
0, 0
0, 0
0, 0
0, 0
0, 0
0, 0
0, 0
0, 0
0, 0
0, 0
0, 0
0, 0
0, 0
0, 0
0, 0
0, 0
0, 0
0, 0
0, 0
0, 0
0, 0
0, 0
0, 0
0, 0
0, 0
0, 0
0, 0
0, 0
0, 0
0, 0
0, 0
0, 0
0, 0
0, 0
0, 0
0, 0
0, 0
0, 0
0, 0
0, 0
0, 0
0, 0
0, 0
0, 0
0, 0
0, 0
0, 0
0, 0
0, 0
0, 0
0, 0
0, 0
0, 0
0, 0
0, 0
0, 0
0, 0
0, 0
0, 0
0, 0
0, 0
0, 0
0, 0
0, 0
0, 0
0, 0
0, 0
0, 0
0, 0
0, 0
0, 0
0, 0
0, 0
0, 0
0, 0
0, 0
0, 0
0, 0
0, 0
0, 0
0, 0
0, 0
0, 0
0, 0
0, 0
0, 0
0, 0
0, 0
0, 0
0, 0
0, 0
0, 0
0, 0
0, 0
0, 0
0, 0
0, 0
0, 0
0, 0
0, 0
0, 0
0, 0
0, 0
0, 0
0, 0
0, 0
0, 0
0, 0
0, 0
0, 0
0, 0
0, 0
0, 0
0, 0
0, 0
0, 0
0, 0
0, 0
0, 0
0, 0
0, 0
0, 0
0, 0
0, 0
0, 0
0, 0
0, 0
0, 0
0, 0
0, 0
0, 0
0, 0
0, 0
0, 0
0, 0
0, 0
0, 0
0, 0
0, 0
0, 0
0, 0
0, 0
0, 0
0, 0
0, 0
0, 0
0, 0
0, 0
0, 0
0, 0
0, 0
0, 0
0, 0
0, 0
0, 0
0, 0
0, 0
0, 0
0, 0
0, 0
0, 0
0, 0
0, 0
0, 0
0, 0
0, 0
0, 0
0, 0
0, 0
0, 0
0, 0
0, 0
0, 0
0, 0
0, 0
0, 0
0, 0
0, 0
0, 0
0, 0
0, 0
0, 0
0, 0
0, 0
0, 0
0, 0
0, 0
0, 0
0, 0
0, 0
0, 0
0, 0
0, 0
0, 0
0, 0
0, 0
0, 0
0, 0
0, 0
0, 0
0, 0
0, 0
0, 0
0, 0
0, 0
0, 0
0, 0
0, 0
0, 0
0, 0
0, 0
0, 0
0, 0
0, 0
0, 0
0, 0
0, 0
0, 0
0, 0
0, 0
0, 0
0, 0
0, 0
0, 0
0, 0
0, 0
0, 0
0, 0
0, 0
0, 0
0, 0
0, 0
0, 0
0, 0
0, 0
0, 0
0, 0
0, 0
0, 0
0, 0
0, 0
0, 0
0, 0
0, 0
0, 0
0, 0
0, 0
0, 0
0, 0
0, 0
0, 0
0, 0
0, 0
0, 0
0, 0
0, 0
0, 0
0, 0
0, 0
0, 0
0, 0
0, 0
0, 0
0, 0
0, 0
0, 0
0, 0
0, 0
0, 0
0, 0
0, 0
0, 0
0, 0
0, 0
0, 0
0, 0
0, 0
0, 0
0, 0
0, 0
0, 0
0, 0
0, 0
0, 0
0, 0
0, 0
0, 0
0, 0
0, 0
0, 0
0, 0
0, 0
0, 0
0, 0
0, 0
0, 0
0, 0
0, 0
0, 0
0, 0
0, 0
0, 0
0, 0
0, 0
0, 0
0, 0
0, 0
0, 0
0, 0
0, 0
0, 0
0, 0
0, 0
0, 0
0, 0
0, 0
0, 0
0, 0
0, 0
0, 0
0, 0
0, 0
0, 0
0, 0
0, 0
0, 0
0, 0
0, 0
0, 0
0, 0
0, 0
0, 0
0, 0
0, 0
0, 0
0, 0
0, 0
0, 0
0, 0
0, 0
0, 0
0, 0
0, 0
0, 0
0, 0
0, 0
0, 0
0, 0
0, 0
0, 0
0, 0
0, 0
0, 0
0, 0
0, 0
0, 0
0, 0
0, 0
0, 0
0, 0
0, 0
0, 0
0, 0
0, 0
0, 0
0, 0
0, 0
0, 0
0, 0
0, 0
0, 0
0, 0
0, 0
0, 0
0, 0
0, 0
0, 0
0, 0
0, 0
0, 0
0, 0
0, 0
0, 0
0, 0
0, 0
0, 0
0, 0
0, 0
0, 0
0, 0
0, 0
0, 0
0, 0
0, 0
0, 0
0, 0
0, 0
0, 0
0, 0
0, 0
0, 0
0, 0
0, 0
0, 0
0, 0
0, 0
0, 0
0, 0
0, 0
0, 0
0, 0
0, 0
0, 0
0, 0
0, 0
0, 0
0, 0
0, 0
0, 0
0, 0
0, 0
0, 0
0, 0
0, 0
0, 0
0, 0
0, 0
0, 0
0, 0
0, 0
0, 0
0, 0
0, 0
0, 0
0, 0
0, 0
0, 0
0, 0
0, 0
0, 0
0, 0
0, 0
0, 0
0, 0
0, 0
0, 0
0, 0
0, 0
0, 0
0, 0
0, 0
0, 0
0, 0
0, 0
0, 0
0, 0
0, 0
0, 0
0, 0
0, 0
0, 0
0, 0
0, 0
0, 0
0, 0
0, 0
0, 0
0, 0
0, 0
0, 0
0, 0
0, 0
0, 0
0, 0
0, 0
0, 0
0, 0
0, 0
0, 0
0, 0
0, 0
0, 0
0, 0
0, 0
0, 0
0, 0
0, 0
0, 0
0, 0
0, 0
0, 0
0, 0
0, 0
0, 0
0, 0
0, 0
0, 0
0, 0
0, 0
0, 0
0, 0
0, 0
0, 0
0, 0
0, 0
0, 0
0, 0
0, 0
0, 0
0, 0
0, 0
0, 0
0, 0
0, 0
0, 0
0, 0
0, 0
0, 0
0, 0
0, 0
0, 0
0, 0
0, 0
0, 0
0, 0
0, 0
0, 0
0, 0
0, 0
0, 0
0, 0
0, 0
0, 0
0, 0
0, 0
0, 0
0, 0
0, 0
0, 0
0, 0
0, 0
0, 0
0, 0
0, 0
0, 0
0, 0
0, 0
0, 0
0, 0
0, 0
0, 0
0, 0
0, 0
0, 0
0, 0
0, 0
0, 0
0, 0
0, 0
0, 0
0, 0
0, 0
0, 0
0, 0
0, 0
0, 0
0, 0
0, 0
0, 0
0, 0
0, 0
0, 0
0, 0
0, 0
0, 0
0, 0
0, 0
0, 0
0, 0
0, 0
0, 0
0, 0
0, 0
0, 0
0, 0
0, 0
0, 0
0, 0
0, 0
0, 0
0, 0
0, 0
0, 0
0, 0
0, 0
0, 0
0, 0
0, 0
0, 0
0, 0
0, 0
0, 0
0, 0
0, 0
0, 0
0, 0
0, 0
0, 0
0, 0
0, 0
0, 0
0, 0
0, 0
0, 0
0, 0
0, 0
0, 0
0, 0
0, 0
0, 0
0, 0
0, 0
0, 0
0, 0
0, 0
0, 0
0, 0
0, 0
0, 0
0, 0
0, 0
0, 0
0, 0
0, 0
0, 0
0, 0
0, 0
0, 0
0, 0
0, 0
0, 0
0, 0
0, 0
0, 0
0, 0
0, 0
0, 0
0, 0
0, 0
0, 0
0, 0
0, 0
0, 0
0, 0
0, 0
0, 0
0, 0
0, 0
0, 0
0, 0
0, 0
0, 0
0, 0
0, 0
0, 0
0, 0
0, 0
0, 0
0, 0
0, 0
0, 0
0, 0
0, 0
0, 0
0, 0
0, 0
0, 0
0, 0
0, 0
0, 0
0, 0
0, 0
0, 0
0, 0
0, 0
0, 0
0, 0
0, 0
0, 0
0, 0
0, 0
0, 0
0, 0
0, 0
0, 0
0, 0
0, 0
0, 0
0, 0
0, 0
0, 0
0, 0
0, 0
0, 0
0, 0
0, 0
0, 0
0, 0
0, 0
0, 0
0, 0
0, 0
0, 0
0, 0
0, 0
0, 0
0, 0
0, 0
0, 0
0, 0
0, 0
0, 0
0, 0
0, 0
0, 0
0, 0
0, 0
0, 0
0, 0
0, 0
0, 0
0, 0
0, 0
0, 0
0, 0
0, 0
0, 0
0, 0
0, 0
0, 0
0, 0
0, 0
0, 0
0, 0
0, 0
0, 0
0, 0
0, 0
0, 0
0, 0
0, 0
0, 0
0, 0
0, 0
0, 0
0, 0
0, 0
0, 0
0, 0
0, 0
0, 0
0, 0
0, 0
0, 0
0, 0
0, 0
0, 0
0, 0
0, 0
0, 0
0, 0
0, 0
0, 0
0, 0
0, 0
0, 0
0, 0
0, 0
0, 0
0, 0
0, 0
0, 0
0, 0
0, 0
0, 0
0, 0
0, 0
0, 0
0, 0
0, 0
0, 0
0, 0
0, 0
0, 0
0, 0
0, 0
0, 0
0, 0
0, 0
0, 0
0, 0
0, 0
0, 0
0, 0
0, 0
0, 0
0, 0
0, 0
0, 0
0, 0
0, 0
0, 0
0, 0
0, 0
0, 0
0, 0
0, 0
0, 0
0, 0
0, 0
0, 0
0, 0
0, 0
0, 0
0, 0
0, 0
0, 0
0, 0
0, 0
0, 0
0, 0
0, 0
0, 0
0, 0
0, 0
0, 0
0, 0
0, 0
0, 0
0, 0
0, 0
0, 0
0, 0
0, 0
0, 0
0, 0
0, 0
0, 0
0, 0
0, 0
0, 0
0, 0
0, 0
0, 0
0, 0
0, 0
0, 0
0, 0
0, 0
0, 0
0, 0
0, 0
0, 0
0, 0
0, 0
0, 0
0, 0
0, 0
0, 0
0, 0
0, 0
0, 0
0, 0
0, 0
0, 0
0, 0
0, 0
0, 0
0, 0
0, 0
0, 0
0, 0
0, 0
0, 0
0, 0
0, 0
0, 0
0, 0
0, 0
0, 0
0, 0
0, 0
0, 0
0, 0
0, 0
0, 0
0, 0
0, 0
0, 0
0, 0
0, 0
0, 0
0, 0
0, 0
0, 0
0, 0
0, 0
0, 0
0, 0
0, 0
0, 0
0, 0
0, 0
0, 0
0, 0
0, 0
0, 0
0, 0
0, 0
0, 0
0, 0
0, 0
0, 0
0, 0
0, 0
0, 0
0, 0
0, 0
0, 0
0, 0
0, 0
0, 0
0, 0
0, 0
0, 0
0, 0
0, 0
0, 0
0, 0
0, 0
0, 0
0, 0
0, 0
0, 0
0, 0
0, 0
0, 0
0, 0
0, 0
0, 0
0, 0
0, 0
0, 0
0, 0
0, 0
0, 0
0, 0
0, 0
0, 0
0, 0
0, 0
0, 0
0, 0
0, 0
0, 0
0, 0
0, 0
0, 0
0, 0
0, 0
0, 0
0, 0
0, 0
0, 0
0, 0
0, 0
0, 0
0, 0
0, 0
0, 0
0, 0
0, 0
0, 0
0, 0
0, 0
0, 0
0, 0
0, 0
0, 0
0, 0
0, 0
0, 0
0, 0
0, 0
0, 0
0, 0
0, 0
0, 0
0, 0
0, 0
0, 0
0, 0
0, 0
0, 0
0, 0
0, 0
0, 0
0, 0
0, 0
0, 0
0, 0
0, 0
0, 0
0, 0
0, 0
0, 0
0, 0
0, 0
0, 0
0, 0
0, 0
0, 0
0, 0
0, 0
0, 0
0, 0
0, 0
0, 0
0, 0
0, 0
0, 0
0, 0
0, 0
0, 0
0, 0
0, 0
0, 0
0, 0
0, 0
0, 0
0, 0
0, 0
0, 0
0, 0
0, 0
0, 0
0, 0
0, 0
0, 0
0, 0
0, 0
0, 0
0, 0
0, 0
0, 0
0, 0
0, 0
0, 0
0, 0
0, 0
0, 0
0, 0
0, 0
0, 0
0, 0
0, 0
0, 0
0, 0
0, 0
0, 0
0, 0
0, 0
0, 0
0, 0
0, 0
0, 0
0, 0
0, 0
0, 0
0, 0
0, 0
0, 0
0, 0
0, 0
0, 0
0, 0
0, 0
0, 0
0, 0
0, 0
0, 0
0, 0
0, 0
0, 0
0, 0
0, 0
0, 0
0, 0
0, 0
0, 0
0, 0
0, 0
0, 0
0, 0
0, 0
0, 0
0, 0
0, 0
0, 0
0, 0
0, 0
0, 0
0, 0
0, 0
0, 0
0, 0
0, 0
0, 0
0, 0
0, 0
0, 0
0, 0
0, 0
0, 0
0, 0
0, 0
0, 0
0, 0
0, 0
0, 0
0, 0
0, 0
0, 0
0, 0
0, 0
0, 0
0, 0
0, 0
0, 0
0, 0
0, 0
0, 0
0, 0
0, 0
0, 0
0, 0
0, 0
0, 0
0, 0
0, 0
0, 0
0, 0
0, 0
0, 0
0, 0
0, 0
0, 0
0, 0
0, 0
0, 0
0, 0
0, 0
0, 0
0, 0
0, 0
0, 0
0, 0
0, 0
0, 0
0, 0
0, 0
0, 0
0, 0
0, 0
0, 0
0, 0
0, 0
0, 0
0, 0
0, 0
0, 0
0, 0
0, 0
0, 0
0, 0
0, 0
0, 0
0, 0
0, 0
0, 0
0, 0
0, 0
0, 0
0, 0
0, 0
0, 0
0, 0
0, 0
0, 0
0, 0
0, 0
0, 0
0, 0
0, 0
0, 0
0, 0
0, 0
0, 0
0, 0
0, 0
0, 0
0, 0
0, 0
0, 0
0, 0
0, 0
0, 0
0, 0
0, 0
0, 0
0, 0
0, 0
0, 0
0, 0
0, 0
0, 0
0, 0
0, 0
0, 0
0, 0
0, 0
0, 0
0, 0
0, 0
0, 0
0, 0
0, 0
0, 0
0, 0
0, 0
0, 0
0, 0
0, 0
0, 0
0, 0
0, 0
0, 0
0, 0
0, 0
0, 0
0, 0
0, 0
0, 0
0, 0
0, 0
0, 0
0, 0
0, 0
0, 0
0, 0
0, 0
0, 0
0, 0
0, 0
0, 0
0, 0
0, 0
0, 0
0, 0
0, 0
0, 0
0, 0
0, 0
0, 0
0, 0
0, 0
0, 0
0, 0
0, 0
0, 0
0, 0
0, 0
0, 0
0, 0
0, 0
0, 0
0, 0
0, 0
0, 0
0, 0
0, 0
0, 0
0, 0
0, 0
0, 0
0, 0
0, 0
0, 0
0, 0
0, 0
0, 0
0, 0
0, 0
0, 0
0, 0
0, 0
0, 0
0, 0
0, 0
0, 0
0, 0
0, 0
0, 0
0, 0
0, 0
0, 0
0, 0
0, 0
0, 0
0, 0
0, 0
0, 0
0, 0
0, 0
0, 0
0, 0
0, 0
0, 0
0, 0
0, 0
0, 0
0, 0
0, 0
0, 0
0, 0
0, 0
0, 0
0, 0
0, 0
0, 0
0, 0
0, 0
0, 0
0, 0
0, 0
0, 0
0, 0
0, 0
0, 0
0, 0
0, 0
0, 0
0, 0
0, 0
0, 0
0, 0
0, 0
0, 0
0, 0
0, 0
0, 0
0, 0
0, 0
0, 0
0, 0
0, 0
0, 0
0, 0
0, 0
0, 0
0, 0
0, 0
0, 0
0, 0
0, 0
0, 0
0, 0
0, 0
0, 0
0, 0
0, 0
0, 0
0, 0
0, 0
0, 0
0, 0
0, 0
0, 0
0, 0
0, 0
0, 0
0, 0
0, 0
0, 0
0, 0
0, 0
0, 0
0, 0
0, 0
0, 0
0, 0
0, 0
0, 0
0, 0
0, 0
0, 0
0, 0
0, 0
0, 0
0, 0
0, 0
0, 0
0, 0
0, 0
0, 0
0, 0
0, 0
0, 0
0, 0
0, 0
0, 0
0, 0
0, 0
0, 0
0, 0
0, 0
0, 0
0, 0
0, 0
0, 0
0, 0
0, 0
0, 0
0, 0
0, 0
0, 0
0, 0
0, 0
0, 0
0, 0
0, 0
0, 0
0, 0
0, 0
0, 0
0, 0
0, 0
0, 0
0, 0
0, 0
0, 0
0, 0
0, 0
0, 0
0, 0
0, 0
0, 0
0, 0
0, 0
0, 0
0, 0
0, 0
0, 0
0, 0
0, 0
0, 0
0, 0
0, 0
0, 0
0, 0
0, 0
0, 0
0, 0
0, 0
0, 0
0, 0
0, 0
0, 0
0, 0
0, 0
0, 0
0, 0
0, 0
0, 0
0, 0
0, 0
0, 0
0, 0
0, 0
0, 0
0, 0
0, 0
0, 0
0, 0
0, 0
0, 0
0, 0
0, 0
0, 0
0, 0
0, 0
0, 0
0, 0
0, 0
0, 0
0, 0
0, 0
0, 0
0, 0
0, 0
0, 0
0, 0
0, 0
0, 0
0, 0
0, 0
0, 0
0, 0
0, 0
0, 0
0, 0
0, 0
0, 0
0, 0
0, 0
0, 0
0, 0
0, 0
0, 0
0, 0
0, 0
0, 0
0, 0
0, 0
0, 0
0, 0
0, 0
0, 0
0, 0
0, 0
0, 0
0, 0
0, 0
0, 0
0, 0
0, 0
0, 0
0, 0
0, 0
0, 0
0, 0
0, 0
0, 0
0, 0
0, 0
0, 0
0, 0
0, 0
0, 0
0, 0
0, 0
0, 0
0, 0
0, 0
0, 0
0, 0
0, 0
0, 0
0, 0
0, 0
0, 0
0, 0
0, 0
0, 0
0, 0
0, 0
0, 0
0, 0
0, 0
0, 0
0, 0
0, 0
0, 0
0, 0
0, 0
0, 0
0, 0
0, 0
0, 0
0, 0
0, 0
0, 0
0, 0
0, 0
0, 0
0, 0
0, 0
0, 0
0, 0
0, 0
0, 0
0, 0
0, 0
0, 0
0, 0
0, 0
0, 0
0, 0
0, 0
0, 0
0, 0
0, 0
0, 0
0, 0
0, 0
0, 0
0, 0
0, 0
0, 0
0, 0
0, 0
0, 0
0, 0
0, 0
0, 0
0, 0
0, 0
0, 0
0, 0
0, 0
0, 0
0, 0
0, 0
0, 0
0, 0
0, 0
0, 0
0, 0
0, 0
0, 0
0, 0
0, 0
0, 0
0, 0
0, 0
0, 0
0, 0
0, 0
0, 0
0, 0
0, 0
0, 0
0, 0
0, 0
0, 0
0, 0
0, 0
0, 0
0, 0
0, 0
0, 0
0, 0
0, 0
0, 0
0, 0
0, 0
0, 0
0, 0
0, 0
0, 0
0, 0
0, 0
0, 0
0, 0
0, 0
0, 0
0, 0
0, 0
0, 0
0, 0
0, 0
0, 0
0, 0
0, 0
0, 0
0, 0
0, 0
0, 0
0, 0
0, 0
0, 0
0, 0
0, 0
0, 0
0, 0
0, 0
0, 0
0, 0
0, 0
0, 0
0, 0
0, 0
0, 0
0, 0
0, 0
0, 0
0, 0
0, 0
0, 0
0, 0
0, 0
0, 0
0, 0
0, 0
0, 0
0, 0
0, 0
0, 0
0, 0
0, 0
0, 0
0, 0
0, 0
0, 0
0, 0
0, 0
0, 0
0, 0
0, 0
0, 0
0, 0
0, 0
0, 0
0, 0
0, 0
0, 0
0, 0
0, 0
0, 0
0, 0
0, 0
0, 0
0, 0
0, 0
0, 0
0, 0
0, 0
0, 0
0, 0
0, 0
0, 0
0, 0
0, 0
0, 0
0, 0
0, 0
0, 0
0, 0
0, 0
0, 0
0, 0
0, 0
0, 0
0, 0
0, 0
0, 0
0, 0
0, 0
0, 0
0, 0
0, 0
0, 0
0, 0
0, 0
0, 0
0, 0
0, 0
0, 0
0, 0
0, 0
0, 0
0, 0
0, 0
0, 0
0, 0
0, 0
0, 0
0, 0
0, 0
0, 0
0, 0
0, 0
0, 0
0, 0
0, 0
0, 0
0, 0
0, 0
0, 0
0, 0
0, 0
0, 0
0, 0
0, 0
0, 0
0, 0
0, 0
0, 0
0, 0
0, 0
0, 0
0, 0
0, 0
0, 0
0, 0
0, 0
0, 0
0, 0
0, 0
0, 0
0, 0
0, 0
0, 0
0, 0
0, 0
0, 0
0, 0
0, 0
0, 0
0, 0
0, 0
0, 0
0, 0
0, 0
0, 0
0, 0
0, 0
0, 0
0, 0
0, 0
0, 0
0, 0
0, 0
0, 0
0, 0
0, 0
0, 0
0, 0
0, 0
0, 0
0, 0
0, 0
0, 0
0, 0
0, 0
0, 0
0, 0
0, 0
0, 0
0, 0
0, 0
0, 0
0, 0
0, 0
0, 0
0, 0
0, 0
0, 0
0, 0
0, 0

